id,uniprot,gene,chrom,start,end
P11245,P11245,10,,,
P00813,P00813,100,,,
P19022,P19022,1000,,,
Q9Y243,Q9Y243,10000,,,
O75586,O75586,10001,,,
Q9Y5X4,Q9Y5X4,10002,,,
Q9Y3Q0,Q9Y3Q0,10003,,,
A6NHG4,A6NHG4,100037417,,,
Q9UQQ1,Q9UQQ1,10004,,,
Q08ET2,Q08ET2,100049587,,,
O14734,O14734,10005,,,
P46926,P46926,10007,,,
Q9Y6H6,Q9Y6H6,10008,,,
Q86T24,Q86T24,10009,,,
P22223,P22223,1001,,,
Q92844,Q92844,10010,,,
B4DET5,B4DET5,100101267,,,
Q86W11,Q86W11,100101467,,,
Q6ZMV8,Q6ZMV8,100129543,,,
O75373,O75373,100129842,,,
Q9UBN7,Q9UBN7,10013,,,
P0C264,P0C264,100130827,,,
A6NFI3,A6NFI3,100131017,,,
P0CG40,P0CG40,100131390,,,
P0DJ07,P0DJ07,100131801,,,
Q32MZ1,Q32MZ1,100132285,,,
A6NM45,A6NM45,100132463,,,
Q9H4G8,Q9H4G8,100132911,,,
P25063,P25063,100133941,,,
P0C870,P0C870,100137047,,,
P0C869,P0C869,100137049,,,
Q9UQL6,Q9UQL6,10014,,,
Q8WUM4,Q8WUM4,10015,,,
Q9HD36,Q9HD36,10017,,,
O43521,O43521,10018,,,
Q96B49,Q96B49,100188893,,,
Q9UQQ2,Q9UQQ2,10019,,,
Q9Y223,Q9Y223,10020,,,
Q9Y3Q4,Q9Y3Q4,10021,,,
Q9Y5Q6,Q9Y5Q6,10022,,,
Q92837,Q92837,10023,,,
Q9Y2X0,Q9Y2X0,10025,,,
Q92643,Q92643,10026,,,
Q02080,Q02080,100271849,,,
F5GXT2,F5GXT2,100271927,,,
A8K0Z3,A8K0Z3,100287171,,,
A6NN14,A6NN14,100287226,,,
D6RBQ6,D6RBQ6,100287327,,,
Q495V5,Q495V5,100287399,,,
D6RA61,D6RA61,100287513,,,
O14925,O14925,100287932,,,
Q86YR6,Q86YR6,100288966,,,
Q86T29,Q86T29,100289635,,,
Q6ZMS7,Q6ZMS7,100289678,,,
P33151,P33151,1003,,,
Q9Y575,Q9Y575,100302652,,,
Q6UWS5,Q6UWS5,100303755,,,
Q8TEE9,Q8TEE9,100316904,,,
Q13111,Q13111,10036,,,
Q9UGN5,Q9UGN5,10038,,,
Q9Y6F1,Q9Y6F1,10039,,,
P55285,P55285,1004,,,
Q9UGU5,Q9UGU5,10042,,,
Q13495,Q13495,10046,,,
O60676,O60676,10047,,,
O75190,O75190,10049,,,
Q9ULB5,Q9ULB5,1005,,,
Q9Y2C5,Q9Y2C5,10050,,,
Q16625,Q16625,100506658,,,
Q6UXS9,Q6UXS9,100506742,,,
Q29983,Q29983,100507436,,,
Q9NTJ3,Q9NTJ3,10051,,,
P36383,P36383,10052,,,
O60449,O60449,100526664,,,
G3V325,G3V325,100526740,,,
Q9Y3E7,Q9Y3E7,100526767,,,
Q8NBE8,Q8NBE8,100526832,,,
V9GXZ4,V9GXZ4,100526835,,,
Q6P1K2,Q6P1K2,100527963,,,
A0A096LPE2,A0A096LPE2,100528017,,,
A0A0A6YYL1,A0A0A6YYL1,100528021,,,
F8VUJ3,F8VUJ3,100528030,,,
P26718,P26718,100528032,,,
A0A0A6YYL4,A0A0A6YYL4,100529144,,,
Q13360,Q13360,100529215,,,
Q9Y6Q5,Q9Y6Q5,10053,,,
A0A087WUM3,A0A087WUM3,100532726,,,
R4GMX3,R4GMX3,100532731,,,
P41271,P41271,100532736,,,
Q96BR1,Q96BR1,100533105,,,
Q59FZ7,Q59FZ7,100533467,,,
Q9ULR0,Q9ULR0,100534599,,,
Q9UBT2,Q9UBT2,10054,,,
Q9UBE0,Q9UBE0,10055,,,
Q9NSD9,Q9NSD9,10056,,,
O15440,O15440,10057,,,
Q9NP58,Q9NP58,10058,,,
O00429,O00429,10059,,,
P55286,P55286,1006,,,
O60706,O60706,10060,,,
Q9UG63,Q9UG63,10061,,,
Q13133,Q13133,10062,,,
Q14061,Q14061,10063,,,
B4DDK6,B4DDK6,100652748,,,
O76011,O76011,100653049,,,
Q9ULB4,Q9ULB4,1007,,,
Q9NY33,Q9NY33,10072,,,
O95149,O95149,10073,,,
Q7Z6Z7,Q7Z6Z7,10075,,,
Q92729,Q92729,10076,,,
Q96QS1,Q96QS1,10077,,,
Q2NLD0,Q2NLD0,10079,,,
X5D8X5,X5D8X5,1008,,,
Q9Y625,Q9Y625,10082,,,
O60828,O60828,10084,,,
P24462,P24462,100861540,,,
Q9Y5P4,Q9Y5P4,10087,,,
Q9BTE6,Q9BTE6,100885850,,,
Q9Y2U2,Q9Y2U2,10089,,,
P55287,P55287,1009,,,
Q9Y2C2,Q9Y2C2,10090,,,
P31941,P31941,100913187,,,
O15511,O15511,10092,,,
P59998,P59998,10093,,,
O15145,O15145,10094,,,
O15143,O15143,10095,,,
B4DXW1,B4DXW1,10096,,,
P61160,P61160,10097,,,
P62079,P62079,10098,,,
O60637,O60637,10099,,,
H3BUK9,H3BUK9,100996331,,,
P50391,P50391,100996758,,,
Q96HJ9,Q96HJ9,100996928,,,
Q14C66,Q14C66,101,,,
P55289,P55289,1010,,,
B1AKP1,B1AKP1,10100,,,
P43897,P43897,10102,,,
O60635,O60635,10103,,,
P30405,P30405,10105,,,
O14595,O14595,10106,,,
A8MT65,A8MT65,101060200,,,
P04001,P04001,101060233,,,
Q9UDY6,Q9UDY6,10107,,,
Q53R19,Q53R19,10109,,,
Q9HBY8,Q9HBY8,10110,,,
Q92878,Q92878,10111,,,
O95235,O95235,10112,,,
Q9HCU5,Q9HCU5,10113,,,
Q9H422,Q9H422,10114,,,
Q9UK73,Q9UK73,10116,,,
B7Z9B1,B7Z9B1,1012,,,
P42025,P42025,10120,,,
P61163,P61163,10121,,,
P56559,P56559,10123,,,
P40617,P40617,10124,,,
O95267,O95267,10125,,,
O96015,O96015,10126,,,
O14978,O14978,10127,,,
P42704,P42704,10128,,,
P55291,P55291,1013,,,
Q15084,Q15084,10130,,,
Q53FS6,Q53FS6,10131,,,
P51572,P51572,10134,,,
P43490,P43490,10135,,,
P09093,P09093,10136,,,
Q8IY57,Q8IY57,10138,,,
Q13795,Q13795,10139,,,
O75309,O75309,1014,,,
P50616,P50616,10140,,,
Q99996,Q99996,10142,,,
Q6ZP53,Q6ZP53,10146,,,
Q8IX01,Q8IX01,10147,,,
Q8IZP9,Q8IZP9,10149,,,
Q12864,Q12864,1015,,,
Q5VZF2,Q5VZF2,10150,,,
Q9NYB9,Q9NYB9,10152,,,
Q03701,Q03701,10153,,,
O60486,O60486,10154,,,
Q13263,Q13263,10155,,,
O43374,O43374,10156,,,
Q9UDR5,Q9UDR5,10157,,,
O75787,O75787,10159,,,
Q13634,Q13634,1016,,,
Q9Y4F1,Q9Y4F1,10160,,,
P43657,P43657,10161,,,
Q6P1A2,Q6P1A2,10162,,,
Q9Y6W5,Q9Y6W5,10163,,,
Q8NCG5,Q8NCG5,10164,,,
Q9UJS0,Q9UJS0,10165,,,
Q9Y619,Q9Y619,10166,,,
P24941,P24941,1017,,,
Q9BPW9,Q9BPW9,10170,,,
Q9Y2P8,Q9Y2P8,10171,,,
Q9Y2P7,Q9Y2P7,10172,,,
Q9Y580,Q9Y580,10179,,,
Q00526,Q00526,1018,,,
P52756,P52756,10181,,,
Q07912,Q07912,10188,,,
Q86V81,Q86V81,10189,,,
P11802,P11802,1019,,,
P62854,P62854,101929876,,,
Q9H4P4,Q9H4P4,10193,,,
O00418,O00418,101930123,,,
Q6ZSZ6,Q6ZSZ6,10194,,,
Q92685,Q92685,10195,,,
Q8WUV3,Q8WUV3,10196,,,
Q6MZZ1,Q6MZZ1,10197,,,
Q99550,Q99550,10198,,,
O00566,O00566,10199,,,
O14672,O14672,102,,,
Q00535,Q00535,1020,,,
Q99547,Q99547,10200,,,
O75414,O75414,10201,,,
Q13268,Q13268,10202,,,
Q16602,Q16602,10203,,,
O60858,O60858,10206,,,
Q8NI35,Q8NI35,10207,,,
Q6IAV3,Q6IAV3,10209,,,
Q00534,Q00534,1021,,,
Q9NS56,Q9NS56,10210,,,
Q5ST80,Q5ST80,10211,,,
O00148,O00148,10212,,,
O00487,O00487,10213,,,
Q13516,Q13516,10215,,,
Q9Y3D8,Q9Y3D8,102157402,,,
O15194,O15194,10217,,,
Q96E93,Q96E93,10219,,,
P50613,P50613,1022,,,
O95390,O95390,10220,,,
Q96RU8,Q96RU8,10221,,,
Q99795,Q99795,10223,,,
Q9Y2A4,Q9Y2A4,10224,,,
P40200,P40200,10225,,,
O43752,O43752,10228,,,
Q99807,Q99807,10229,,,
Q14206,Q14206,10231,,,
Q7LDG7,Q7LDG7,10235,,,
Q0VGD6,Q0VGD6,10236,,,
D3DTX1,D3DTX1,10237,,,
P61962,P61962,10238,,,
P59780,P59780,10239,,,
P49336,P49336,1024,,,
Q92665,Q92665,10240,,,
Q9Y691,Q9Y691,10242,,,
Q9NQX3,Q9NQX3,10243,,,
O60830,O60830,10245,,,
O00624,O00624,10246,,,
O75817,O75817,10248,,,
Q6IB77,Q6IB77,10249,,,
P50750,P50750,1025,,,
Q8IYB3,Q8IYB3,10250,,,
Q6ZUP3,Q6ZUP3,10251,,,
O43609,O43609,10252,,,
O43597,O43597,10253,,,
O75886,O75886,10254,,,
O15439,O15439,10257,,,
P38936,P38936,1026,,,
Q15427,Q15427,10262,,,
O60895,O60895,10266,,,
E9PC20,E9PC20,10267,,,
O60896,O60896,10268,,,
O75844,O75844,10269,,,
Q6I9V6,Q6I9V6,1027,,,
O43823,O43823,10270,,,
P35520,P35520,102724560,,,
Q01081,Q01081,102724594,,,
P02489,P02489,102724652,,,
Q9UNE7,Q9UNE7,10273,,,
Q8WVM7,Q8WVM7,10274,,,
O95155,O95155,10277,,,
Q9NQE7,Q9NQE7,10279,,,
P49918,P49918,1028,,,
Q5U045,Q5U045,102800317,,,
Q53XK0,Q53XK0,10282,,,
Q6UX04,Q6UX04,10283,,,
X6RAL5,X6RAL5,10284,,,
O75940,O75940,10285,,,
O75934,O75934,10286,,,
P49795,P49795,10287,,,
A2IXV5,A2IXV5,10288,,,
Q6FG85,Q6FG85,10289,,,
P42771,P42771,1029,,,
Q15772,Q15772,10290,,,
Q15459,Q15459,10291,,,
Q9BWF2,Q9BWF2,10293,,,
O60884,O60884,10294,,,
O14874,O14874,10295,,,
Q7L5Y9,Q7L5Y9,10296,,,
O95996,O95996,10297,,,
O96013,O96013,10298,,,
O60337,O60337,10299,,,
P55265,P55265,103,,,
P42772,P42772,1030,,,
Q9BVA0,Q9BVA0,10300,,,
O75971,O75971,10302,,,
Q14586,Q14586,10308,,,
P22674,P22674,10309,,,
Q6ICV4,Q6ICV4,1031,,,
Q13488,Q13488,10312,,,
Q9HB89,Q9HB89,10316,,,
Q9Y2C3,Q9Y2C3,10317,,,
Q9Y6N6,Q9Y6N6,10319,,,
P55273,P55273,1032,,,
R9R4D9,R9R4D9,10320,,,
O60662,O60662,10324,,,
Q5VZM2,Q5VZM2,10325,,,
O00241,O00241,10326,,,
V9HWI0,V9HWI0,10327,,,
Q16667,Q16667,1033,,,
Q9Y2A9,Q9Y2A9,10331,,,
H7BXU4,H7BXU4,10332,,,
Q9Y2C9,Q9Y2C9,10333,,,
Q9Y6F6,Q9Y6F6,10335,,,
Q3KNV8,Q3KNV8,10336,,,
Q92734,Q92734,10342,,,
Q9Y258,Q9Y258,10344,,,
Q8IYM9,Q8IYM9,10346,,,
Q8IZY2,Q8IZY2,10347,,,
Q8WWZ4,Q8WWZ4,10349,,,
Q8IUA7,Q8IUA7,10350,,,
O94911,O94911,10351,,,
Q9UGM6,Q9UGM6,10352,,,
Q16878,Q16878,1036,,,
O75607,O75607,10360,,,
Q86SE8,Q86SE8,10361,,,
Q9Y5W3,Q9Y5W3,10365,,,
O60359,O60359,10368,,,
Q9Y698,Q9Y698,10369,,,
Q14563,Q14563,10371,,,
P68363,P68363,10376,,,
Q00978,Q00978,10379,,,
O95861,O95861,10380,,,
Q13509,Q13509,10381,,,
P04350,P04350,10382,,,
P68371,P68371,10383,,,
O00478,O00478,10384,,,
Q8WVV5,Q8WVV5,10385,,,
Q9BX26,Q9BX26,10388,,,
Q9UQR0,Q9UQR0,10389,,,
Q9Y6K0,Q9Y6K0,10390,,,
Q9UQ03,Q9UQ03,10391,,,
O14950,O14950,103910,,,
Q9Y239,Q9Y239,10392,,,
Q9UM13,Q9UM13,10393,,,
Q9Y2Q0,Q9Y2Q0,10396,,,
Q92597,Q92597,10397,,,
P24844,P24844,10398,,,
P63244,P63244,10399,,,
P78563,P78563,104,,,
Q92903,Q92903,1040,,,
Q9UBM1,Q9UBM1,10400,,,
Q9Y6X2,Q9Y6X2,10401,,,
O14777,O14777,10403,,,
P80723,P80723,10409,,,
Q01628,Q01628,10410,,,
Q99777,Q99777,10411,,,
O95478,O95478,10412,,,
Q86T74,Q86T74,10413,,,
O14744,O14744,10419,,,
Q96S53,Q96S53,10420,,,
O95400,O95400,10421,,,
Q9BSL1,Q9BSL1,10422,,,
O14735,O14735,10423,,,
O15173,O15173,10424,,,
Q6IBL8,Q6IBL8,10425,,,
Q96CW5,Q96CW5,10426,,,
O95487,O95487,10427,,,
V9HWN9,V9HWN9,1043,,,
Q96PK6,Q96PK6,10432,,,
O75608,O75608,10434,,,
Q92979,Q92979,10436,,,
P13284,P13284,10437,,,
Q13901,Q13901,10438,,,
P47902,P47902,1044,,,
Q99595,Q99595,10440,,,
Q7Z7L7,Q7Z7L7,10444,,,
Q96EZ8,Q96EZ8,10445,,,
P42765,P42765,10449,,,
Q99626,Q99626,1045,,,
Q9UNP9,Q9UNP9,10450,,,
Q9UKW4,Q9UKW4,10451,,,
O96008,O96008,10452,,,
Q15750,Q15750,10454,,,
O75521,O75521,10455,,,
O00165,O00165,10456,,,
Q9UQB8,Q9UQB8,10458,,,
Q9UI95,Q9UI95,10459,,,
O14627,O14627,1046,,,
Q9Y6A5,Q9Y6A5,10460,,,
Q12866,Q12866,10461,,,
Q8IUN9,Q8IUN9,10462,,,
Q6PML9,Q6PML9,10463,,,
Q8WXW3,Q8WXW3,10464,,,
Q6FH36,Q6FH36,10465,,,
O43257,O43257,10467,,,
P19883,P19883,10468,,,
O43615,O43615,10469,,,
O14967,O14967,1047,,,
Q5STK2,Q5STK2,10471,,,
O00479,O00479,10473,,,
O75528,O75528,10474,,,
O00635,O00635,10475,,,
O75947,O75947,10476,,,
Q969T4,Q969T4,10477,,,
B4DU97,B4DU97,10478,,,
Q92581,Q92581,10479,,,
Q53G30,Q53G30,1048,,,
Q7L2H7,Q7L2H7,10480,,,
Q9UBU9,Q9UBU9,10482,,,
Q15437,Q15437,10483,,,
Q15436,Q15436,10484,,,
Q5JPJ8,Q5JPJ8,10486,,,
Q01518,Q01518,10487,,,
O43889,O43889,10488,,,
Q15345,Q15345,10489,,,
Q9UEU0,Q9UEU0,10490,,,
O75718,O75718,10491,,,
Q59GL1,Q59GL1,10492,,,
O00506,O00506,10494,,,
Q4LE73,Q4LE73,10497,,,
Q86X55,Q86X55,10498,,,
Q15596,Q15596,10499,,,
Q9NS39,Q9NS39,105,,,
P49715,P49715,1050,,,
Q9H3T2,Q9H3T2,10500,,,
Q9H3T3,Q9H3T3,10501,,,
O95754,O95754,10505,,,
Q92854,Q92854,10507,,,
J3KNP4,J3KNP4,10509,,,
P17676,P17676,1051,,,
Q99985,Q99985,10512,,,
Q9BQG0,Q9BQG0,10514,,,
Q9UBX5,Q9UBX5,10516,,,
Q5XX13,Q5XX13,10517,,,
Q99828,Q99828,10519,,,
P49716,P49716,1052,,,
Q13398,Q13398,10520,,,
Q59F66,Q59F66,10521,,,
Q8IWX8,Q8IWX8,10523,,,
Q92993,Q92993,10524,,,
Q9Y4L1,Q9Y4L1,10525,,,
O15397,O15397,10526,,,
O00567,O00567,10528,,,
Q15744,Q15744,1053,,,
Q5JRX3,Q5JRX3,10531,,,
O95352,O95352,10533,,,
O75792,O75792,10535,,,
O15205,O15205,10537,,,
Q16520,Q16520,10538,,,
P53567,P53567,1054,,,
Q13561,Q13561,10540,,,
Q92688,Q92688,10541,,,
O43504,O43504,10542,,,
Q9UNN8,Q9UNN8,10544,,,
O15321,O15321,10548,,,
V9HW63,V9HW63,10549,,,
Q9BUP3,Q9BUP3,10553,,,
Q99943,Q99943,10554,,,
O15120,O15120,10555,,,
P78346,P78346,10556,,,
P78345,P78345,10557,,,
Q6NUL7,Q6NUL7,10558,,,
P78382,P78382,10559,,,
X6R868,X6R868,1056,,,
O60779,O60779,10560,,,
Q53X90,Q53X90,10563,,,
Q9Y6D5,Q9Y6D5,10564,,,
Q9Y6D6,Q9Y6D6,10565,,,
O75969,O75969,10566,,,
O95436,O95436,10568,,,
O95391,O95391,10569,,,
Q13084,Q13084,10573,,,
Q99832,Q99832,10574,,,
P50991,P50991,10575,,,
P78371,P78371,10576,,,
P61916,P61916,10577,,,
B2RWP4,B2RWP4,10579,,,
P49450,P49450,1058,,,
Q9BX66,Q9BX66,10580,,,
Q01629,Q01629,10581,,,
Q9Y6Z7,Q9Y6Z7,10584,,,
Q9Y6A1,Q9Y6A1,10585,,,
Q9NNW7,Q9NNW7,10587,,,
P49914,P49914,10588,,,
P07199,P07199,1059,,,
Q6IPS5,Q6IPS5,10592,,,
Q6P2Q9,Q6P2Q9,10594,,,
Q76MJ5,Q76MJ5,10595,,,
Q9Y6L6,Q9Y6L6,10599,,,
Q03188,Q03188,1060,,,
Q9Y5T5,Q9Y5T5,10600,,,
O14492,O14492,10603,,,
Q9H074,Q9H074,10605,,,
P22234,P22234,10606,,,
Q12788,Q12788,10607,,,
Q14582,Q14582,10608,,,
Q9UJ37,Q9UJ37,10610,,,
O75382,O75382,10612,,,
O94992,O94992,10614,,,
Q9BYM8,Q9BYM8,10616,,,
O95630,O95630,10617,,,
Q02224,Q02224,1062,,,
Q9H1D9,Q9H1D9,10621,,,
O15318,O15318,10622,,,
Q9BUI4,Q9BUI4,10623,,,
Q9Y6Y0,Q9Y6Y0,10625,,,
O95361,O95361,10626,,,
P19105,P19105,10627,,,
Q9Y6J9,Q9Y6J9,10629,,,
P49454,P49454,1063,,,
Q86YL7,Q86YL7,10630,,,
O75964,O75964,10632,,,
Q92737,Q92737,10633,,,
O43566,O43566,10636,,,
O75610,O75610,10637,,,
Q9NZI8,Q9NZI8,10642,,,
O00425,O00425,10643,,,
Q9Y6M1,Q9Y6M1,10644,,,
Q96RR4,Q96RR4,10645,,,
O75431,O75431,10651,,,
O15498,O15498,10652,,,
Q6FGV9,Q6FGV9,10654,,,
Q9Y5R5,Q9Y5R5,10655,,,
O75525,O75525,10656,,,
Q07666,Q07666,10657,,,
Q92879,Q92879,10658,,,
O95319,O95319,10659,,,
P23141,P23141,1066,,,
P52954,P52954,10660,,,
Q13351,Q13351,10661,,,
O00574,O00574,10663,,,
Q15762,Q15762,10666,,,
O95363,O95363,10667,,,
Q7L523,Q7L523,10670,,,
O00399,O00399,10671,,,
Q14344,Q14344,10672,,,
Q9Y275,Q9Y275,10673,,,
B7Z2E0,B7Z2E0,10675,,,
O75366,O75366,10677,,,
Q9NY97,Q9NY97,10678,,,
Q12798,Q12798,1068,,,
O14775,O14775,10681,,,
Q15125,Q15125,10682,,,
Q9NYJ7,Q9NYJ7,10683,,,
Q9Y5I7,Q9Y5I7,10686,,,
P41208,P41208,1069,,,
Q9Y231,Q9Y231,10690,,,
O14718,O14718,10692,,,
Q92526,Q92526,10693,,,
P50990,P50990,10694,,,
Q9Y5Q5,Q9Y5Q5,10699,,,
C9J1J0,C9J1J0,107,,,
E5RJF8,E5RJF8,1070,,,
P11597,P11597,1071,,,
Q53GS9,Q53GS9,10713,,,
Q15054,Q15054,10714,,,
Q5XG75,Q5XG75,10715,,,
Q16650,Q16650,10716,,,
Q9Y6B7,Q9Y6B7,10717,,,
P56975,P56975,10718,,,
V9HWI5,V9HWI5,1072,,,
O75310,O75310,10720,,,
Q59EE4,Q59EE4,10721,,,
Q9Y666,Q9Y666,10723,,,
O60502,O60502,10724,,,
O94916,O94916,10725,,,
Q15185,Q15185,10728,,,
Q9Y281,Q9Y281,1073,,,
Q96TA2,Q96TA2,10730,,,
Q86TP4,Q86TP4,10732,,,
O00444,O00444,10733,,,
Q9UJ98,Q9UJ98,10734,,,
Q8N3U4,Q8N3U4,10735,,,
Q9NPC8,Q9NPC8,10736,,,
O75884,O75884,10741,,,
Q9NZH5,Q9NZH5,10744,,,
Q9Y2U5,Q9Y2U5,10746,,,
O00187,O00187,10747,,,
O43896,O43896,10749,,,
P53634,P53634,1075,,,
O00533,O00533,10752,,,
Q6PIV8,Q6PIV8,10753,,,
Q9UKX7,Q9UKX7,10762,,,
Q9H6U9,Q9H6U9,10763,,,
Q9UGL1,Q9UGL1,10765,,,
Q14106,Q14106,10766,,,
Q9Y450,Q9Y450,10767,,,
O43865,O43865,10768,,,
Q9NYY3,Q9NYY3,10769,,,
O75494,O75494,10772,,,
Q15916,Q15916,10773,,,
O95707,O95707,10775,,,
Q14588,Q14588,10780,,,
Q96GC6,Q96GC6,10782,,,
Q9HC98,Q9HC98,10783,,,
P57081,P57081,10785,,,
O00476,O00476,10786,,,
Q9Y2A7,Q9Y2A7,10787,,,
Q59HA3,Q59HA3,10788,,,
Q6FG93,Q6FG93,10791,,,
Q14593,Q14593,10793,,,
Q14592,Q14592,10794,,,
Q2TB61,Q2TB61,10795,,,
P13995,P13995,10797,,,
Q13606,Q13606,10798,,,
O75818,O75818,10799,,,
Q71UM8,Q71UM8,108,,,
P13569,P13569,1080,,,
Q9Y271,Q9Y271,10800,,,
Q9UHD8,Q9UHD8,10801,,,
O95486,O95486,10802,,,
P51686,P51686,10803,,,
O95452,O95452,10804,,,
Q86SQ7,Q86SQ7,10806,,,
Q92598,Q92598,10808,,,
Q6I9S8,Q6I9S8,1081,,,
Q9UPY6,Q9UPY6,10810,,,
Q9BVJ6,Q9BVJ6,10813,,,
Q6PUV4,Q6PUV4,10814,,,
O14810,O14810,10815,,,
Q8WU20,Q8WU20,10818,,,
P01233,P01233,1082,,,
Q9UQ49,Q9UQ49,10825,,,
Q96IV6,Q96IV6,10826,,,
A6NFS0,A6NFS0,10838,,,
P40198,P40198,1084,,,
Q53H87,Q53H87,10840,,,
O95954,O95954,10841,,,
O96001,O96001,10842,,,
Q9BSJ2,Q9BSJ2,10844,,,
O76031,O76031,10845,,,
Q9Y233,Q9Y233,10846,,,
Q6ZRS2,Q6ZRS2,10847,,,
Q9Y4X3,Q9Y4X3,10850,,,
Q9Y251,Q9Y251,10855,,,
Q9Y230,Q9Y230,10856,,,
O00264,O00264,10857,,,
Q9Y6A2,Q9Y6A2,10858,,,
Q8NHL6,Q8NHL6,10859,,,
Q9H2B4,Q9H2B4,10861,,,
Q9UKQ2,Q9UKQ2,10863,,,
Q9Y694,Q9Y694,10864,,,
O75954,O75954,10867,,,
Q9Y2K6,Q9Y2K6,10868,,,
O94966,O94966,10869,,,
Q14002,Q14002,1087,,,
Q9UBK5,Q9UBK5,10870,,,
Q08708,Q08708,10871,,,
Q6TCH8,Q6TCH8,10873,,,
P48645,P48645,10874,,,
Q0Z7S6,Q0Z7S6,1088,,,
Q9NP92,Q9NP92,10884,,,
Q9UNX4,Q9UNX4,10885,,,
Q9Y5X5,Q9Y5X5,10886,,,
Q8TCW9,Q8TCW9,10887,,,
Q9NYM4,Q9NYM4,10888,,,
O75871,O75871,1089,,,
P61026,P61026,10890,,,
Q9UBK2,Q9UBK2,10891,,,
Q9UDY8,Q9UDY8,10892,,,
Q9Y5R2,Q9Y5R2,10893,,,
Q9Y5Y7,Q9Y5Y7,10894,,,
O95639,O95639,10898,,,
O60266,O60266,109,,,
Q9BTZ2,Q9BTZ2,10901,,,
Q9H0E9,Q9H0E9,10902,,,
A4FU01,A4FU01,10903,,,
O60476,O60476,10905,,,
P83876,P83876,10907,,,
Q8IY17,Q8IY17,10908,,,
Q9Y2Z0,Q9Y2Z0,10910,,,
O95399,O95399,10911,,,
O95257,O95257,10912,,,
Q9UNE0,Q9UNE0,10913,,,
P51003,P51003,10914,,,
O14776,O14776,10915,,,
Q6UXE8,Q6UXE8,10917,,,
Q96KQ7,Q96KQ7,10919,,,
Q99627,Q99627,10920,,,
Q15287,Q15287,10921,,,
Q14296,Q14296,10922,,,
Q92484,Q92484,10924,,,
Q9UBU7,Q9UBU7,10926,,,
Q15311,Q15311,10928,,,
Q9BRL6,Q9BRL6,10929,,,
Q9Y235,Q9Y235,10930,,,
Q9UBU8,Q9UBU8,10933,,,
P30048,P30048,10935,,,
O95800,O95800,10936,,,
Q9H4M9,Q9H4M9,10938,,,
Q9Y4W6,Q9Y4W6,10939,,,
Q99575,Q99575,10940,,,
Q9Y4X1,Q9Y4X1,10941,,,
Q9Y6M0,Q9Y6M0,10942,,,
Q8N5Y2,Q8N5Y2,10943,,,
P24390,P24390,10945,,,
Q12874,Q12874,10946,,,
P53677,P53677,10947,,,
Q13151,Q13151,10949,,,
Q6IAU3,Q6IAU3,10950,,,
Q6IBN6,Q6IBN6,10951,,,
P60468,P60468,10952,,,
Q15785,Q15785,10953,,,
Q14554,Q14554,10954,,,
Q13438,Q13438,10956,,,
Q12796,Q12796,10957,,,
Q12907,Q12907,10960,,,
P30040,P30040,10961,,,
P31948,P31948,10963,,,
P49753,P49753,10965,,,
Q12829,Q12829,10966,,,
Q99848,Q99848,10969,,,
Q07065,Q07065,10970,,,
P27348,P27348,10971,,,
Q8N3C0,Q8N3C0,10973,,,
O14957,O14957,10975,,,
Q92989,Q92989,10978,,,
Q96AC1,Q96AC1,10979,,,
Q7L5N1,Q7L5N1,10980,,,
Q13637,Q13637,10981,,,
Q15555,Q15555,10982,,,
Q92905,Q92905,10987,,,
P50579,P50579,10988,,,
Q16891,Q16891,10989,,,
O75023,O75023,10990,,,
Q99624,Q99624,10991,,,
Q13435,Q13435,10992,,,
Q8WW81,Q8WW81,10993,,,
A1L0T0,A1L0T0,10994,,,
Q9Y2P5,Q9Y2P5,10998,,,
Q6P1M0,Q6P1M0,10999,,,
Q5K4L6,Q5K4L6,11000,,,
O14975,O14975,11001,,,
Q99661,Q99661,11004,,,
Q8NHJ6,Q8NHJ6,11006,,,
Q15834,Q15834,11007,,,
Q13007,Q13007,11009,,,
O15335,O15335,1101,,,
Q86UE8,Q86UE8,11011,,,
Q9UBX7,Q9UBX7,11012,,,
P33947,P33947,11014,,,
O43731,O43731,11015,,,
P17544,P17544,11016,,,
Q8WVK2,Q8WVK2,11017,,,
O43766,O43766,11019,,,
O95199,O95199,1102,,,
Q9BW83,Q9BW83,11020,,,
Q15286,Q15286,11021,,,
Q9Y2W6,Q9Y2W6,11022,,,
Q5SQQ9,Q5SQQ9,11023,,,
O75019,O75019,11024,,,
Q8N6C8,Q8N6C8,11026,,,
P28329,P28329,1103,,,
Q13636,Q13636,11031,,,
P60981,P60981,11034,,,
Q9Y572,Q9Y572,11035,,,
Q9UNN4,Q9UNN4,11036,,,
P18754,P18754,1104,,,
Q9P1W9,Q9P1W9,11040,,,
O43505,O43505,11041,,,
Q9UJV3,Q9UJV3,11043,,,
Q5XG87,Q5XG87,11044,,,
O00322,O00322,11045,,,
Q76EJ3,Q76EJ3,11046,,,
O14646,O14646,1105,,,
O43809,O43809,11051,,,
Q16630,Q16630,11052,,,
Q9Y2R4,Q9Y2R4,11056,,,
P08910,P08910,11057,,,
Q9H0M0,Q9H0M0,11059,,,
O14647,O14647,1106,,,
O00308,O00308,11060,,,
O95620,O95620,11062,,,
O94993,O94993,11063,,,
Q7Z7A1,Q7Z7A1,11064,,,
O00762,O00762,11065,,,
Q16560,Q16560,11066,,,
O14569,O14569,11068,,,
Q8WZA2,Q8WZA2,11069,,,
Q2TAZ1,Q2TAZ1,1107,,,
Q6FI36,Q6FI36,11072,,,
Q92547,Q92547,11073,,,
Q9BZY9,Q9BZY9,11074,,,
Q14839,Q14839,1108,,,
Q9UDY4,Q9UDY4,11080,,,
O60938,O60938,11081,,,
Q9UKF2,Q9UKF2,11085,,,
Q9UKF5,Q9UKF5,11086,,,
P17516,P17516,1109,,,
P61964,P61964,11091,,,
Q76LX8,Q76LX8,11093,,,
Q9UP79,Q9UP79,11095,,,
Q9UNA0,Q9UNA0,11096,,,
O15504,O15504,11097,,,
O95084,O95084,11098,,,
Q16825,Q16825,11099,,,
O95622,O95622,111,,,
Q9BUJ2,Q9BUJ2,11100,,,
O95260,O95260,11101,,,
O95059,O95059,11102,,,
Q13601,Q13601,11103,,,
O75449,O75449,11104,,,
Q9UKN5,Q9UKN5,11108,,,
O14757,O14757,1111,,,
P31937,P31937,11112,,,
O14578,O14578,11113,,,
B4DH64,B4DH64,11116,,,
P78410,P78410,11118,,,
O00481,O00481,11119,,,
O00409,O00409,1112,,,
Q7KYR7,Q7KYR7,11120,,,
O14522,O14522,11122,,,
Q9UKA8,Q9UKA8,11123,,,
Q6FH89,Q6FH89,11126,,,
Q9Y496,Q9Y496,11127,,,
O14802,O14802,11128,,,
Q8N2M8,Q8N2M8,11129,,,
Q9UMQ6,Q9UMQ6,11131,,,
Q9HC96,Q9HC96,11132,,,
P82251,P82251,11136,,,
Q13610,Q13610,11137,,,
Q16543,Q16543,11140,,,
X5DNQ7,X5DNQ7,11141,,,
O95251,O95251,11143,,,
Q14565,Q14565,11144,,,
P53816,P53816,11145,,,
P31146,P31146,11151,,,
Q9Y587,Q9Y587,11154,,,
O75365,O75365,11156,,,
P62312,P62312,11157,,,
Q9UNT1,Q9UNT1,11158,,,
Q6IC14,Q6IC14,11159,,,
P36222,P36222,1116,,,
Q9NZJ9,Q9NZJ9,11163,,,
Q9UKK9,Q9UKK9,11164,,,
O95989,O95989,11165,,,
Q9Y651,Q9Y651,11166,,,
O75717,O75717,11169,,,
Q15782,Q15782,1117,,,
Q9Y3F4,Q9Y3F4,11171,,,
Q9Y581,Q9Y581,11172,,,
Q9UKP4,Q9UKP4,11173,,,
Q9UKP5,Q9UKP5,11174,,,
F8VU39,F8VU39,11176,,,
Q9NRL2,Q9NRL2,11177,,,
Q13231,Q13231,1118,,,
O43280,O43280,11181,,,
Q9UGQ3,Q9UGQ3,11182,,,
Q9Y4K4,Q9Y4K4,11183,,,
Q92918,Q92918,11184,,,
O95050,O95050,11185,,,
Q9NS23,Q9NS23,11186,,,
Q59G45,Q59G45,11189,,,
P35790,P35790,1119,,,
Q9BV73,Q9BV73,11190,,,
O75554,O75554,11193,,,
Q9NUT2,Q9NUT2,11194,,,
Q9Y5W5,Q9Y5W5,11197,,,
Q9UJ72,Q9UJ72,11199,,,
O43306,O43306,112,,,
Q9Y259,Q9Y259,1120,,,
O96017,O96017,11200,,,
Q9UNA4,Q9UNA4,11201,,,
O60259,O60259,11202,,,
Q9ULW2,Q9ULW2,11211,,,
O94903,O94903,11212,,,
Q9Y616,Q9Y616,11213,,,
Q12802,Q12802,11214,,,
Q9UKA4,Q9UKA4,11215,,,
O43572,O43572,11216,,,
Q9Y2D5,Q9Y2D5,11217,,,
Q9UHI6,Q9UHI6,11218,,,
Q9BQ50,Q9BQ50,11219,,,
Q9Y6W6,Q9Y6W6,11221,,,
P09001,P09001,11222,,,
P42766,P42766,11224,,,
Q8NCL4,Q8NCL4,11226,,,
Q7Z7M9,Q7Z7M9,11227,,,
Q8NHQ8,Q8NHQ8,11228,,,
Q9UGP8,Q9UGP8,11231,,,
Q9UHN1,Q9UHN1,11232,,,
Q9BUL8,Q9BUL8,11235,,,
Q8WU17,Q8WU17,11236,,,
Q9Y2D0,Q9Y2D0,11238,,,
Q96KS0,Q96KS0,112398,,,
Q9H6Z9,Q9H6Z9,112399,,,
Q9Y2J8,Q9Y2J8,11240,,,
Q96P09,Q96P09,112401,,,
Q6P1K2,Q6P1K2,11243,,,
Q14439,Q14439,11245,,,
A8K979,A8K979,112479,,,
O95157,O95157,11248,,,
Q96F10,Q96F10,112483,,,
O95156,O95156,11249,,,
Q969F1,Q969F1,112495,,,
Q9Y5Y3,Q9Y5Y3,11250,,,
Q9Y5Y4,Q9Y5Y4,11251,,,
Q9UKM7,Q9UKM7,11253,,,
Q9UN76,Q9UN76,11254,,,
Q9Y5N1,Q9Y5N1,11255,,,
Q96RF0,Q96RF0,112574,,,
O75935,O75935,11258,,,
O43592,O43592,11260,,,
Q99653,Q99653,11261,,,
Q9Y6I8,Q9Y6I8,11264,,,
Q9UNI6,Q9UNI6,11266,,,
Q96H20,Q96H20,11267,,,
Q9UMR2,Q9UMR2,11269,,,
Q6PEY2,Q6PEY2,112714,,,
Q8NBN7,Q8NBN7,112724,,,
Q9UMW8,Q9UMW8,11274,,,
Q96PD4,Q96PD4,112744,,,
O95198,O95198,11275,,,
Q96FT9,Q96FT9,112752,,,
P61266,P61266,112755,,,
Q9NSU2,Q9NSU2,11277,,,
Q9Y4X4,Q9Y4X4,11278,,,
O95600,O95600,11279,,,
Q53XZ3,Q53XZ3,1128,,,
Q9UI33,Q9UI33,11280,,,
Q3SY84,Q3SY84,112802,,,
P78424,P78424,11281,,,
Q86XE5,Q86XE5,112817,,,
Q9UQ53,Q9UQ53,11282,,,
P98187,P98187,11283,,,
Q96T60,Q96T60,11284,,,
Q96EM0,Q96EM0,112849,,,
Q9UBV7,Q9UBV7,11285,,,
Q96S44,Q96S44,112858,,,
Q96ES7,Q96ES7,112869,,,
Q86SJ1,Q86SJ1,1129,,,
Q4G0F5,Q4G0F5,112936,,,
Q96RE7,Q96RE7,112939,,,
Q96G25,Q96G25,112950,,,
Q96EK9,Q96EK9,112970,,,
Q86YI0,Q86YI0,113,,,
Q8N3E9,Q8N3E9,113026,,,
O94956,O94956,11309,,,
P20309,P20309,1131,,,
Q9NRW7,Q9NRW7,11311,,,
O95372,O95372,11313,,,
Q96FF9,Q96FF9,113130,,,
Q9UGN4,Q9UGN4,11314,,,
V9HWC2,V9HWC2,11315,,,
O14579,O14579,11316,,,
Q9UBG7,Q9UBG7,11317,,,
Q96EY9,Q96EY9,113179,,,
O15218,O15218,11318,,,
Q8NCH0,Q8NCH0,113189,,,
P08173,P08173,1132,,,
Q9UM21,Q9UM21,11320,,,
Q9HCN4,Q9HCN4,11321,,,
Q96FN5,Q96FN5,113220,,,
Q96NT5,Q96NT5,113235,,,
Q86XP3,Q86XP3,11325,,,
Q8TBL5,Q8TBL5,113251,,,
Q9NQ40,Q9NQ40,113278,,,
O95302,O95302,11328,,,
Q15208,Q15208,11329,,,
Q8IVW0,Q8IVW0,1133,,,
Q99895,Q99895,11330,,,
Q99623,Q99623,11331,,,
O00154,O00154,11332,,,
Q13185,Q13185,11335,,,
Q69YP2,Q69YP2,11336,,,
Q6IAW1,Q6IAW1,11337,,,
P26368,P26368,11338,,,
O43482,O43482,11339,,,
Q53SH4,Q53SH4,1134,,,
Q96B26,Q96B26,11340,,,
O43567,O43567,11342,,,
Q99685,Q99685,11343,,,
Q6IBS0,Q6IBS0,11344,,,
P60520,P60520,11345,,,
Q96A70,Q96A70,113451,,,
Q1ZYQ1,Q1ZYQ1,113457,,,
Q15822,Q15822,1135,,,
P32297,P32297,1136,,,
Q7Z449,Q7Z449,113612,,,
Q96GA7,Q96GA7,113675,,,
Q59FV0,Q59FV0,1137,,,
Q6EWN4,Q6EWN4,1138,,,
Q96G79,Q96G79,113829,,,
Q9Y2Q1,Q9Y2Q1,113835,,,
Q86UW9,Q86UW9,113878,,,
P36544,P36544,1139,,,
Q4F7X0,Q4F7X0,114,,,
P11230,P11230,1140,,,
Q96PE6,Q96PE6,114026,,,
Q96GM8,Q96GM8,114034,,,
O43709,O43709,114049,,,
Q9C026,Q9C026,114088,,,
Q5SXY3,Q5SXY3,1141,,,
Q86VQ6,Q86VQ6,114112,,,
Q969E3,Q969E3,114131,,,
Q96RL6,Q96RL6,114132,,,
Q96QE2,Q96QE2,114134,,,
Q05901,Q05901,1142,,,
P83111,P83111,114294,,,
Q8IXS6,Q8IXS6,114299,,,
P30926,P30926,1143,,,
A6NKQ9,A6NKQ9,114335,,,
H9KV56,H9KV56,114336,,,
Q07001,Q07001,1144,,,
Q04844,Q04844,1145,,,
Q96P20,Q96P20,114548,,,
Q8IVM8,Q8IVM8,114571,,,
P07510,P07510,1146,,,
P58753,P58753,114609,,,
Q96PL5,Q96PL5,114625,,,
O15111,O15111,1147,,,
Q96PD5,Q96PD5,114770,,,
Q96LB9,Q96LB9,114771,,,
Q7Z442,Q7Z442,114780,,,
Q96Q07,Q96Q07,114781,,,
A0A0A0MQW5,A0A0A0MQW5,114783,,,
Q7Z408,Q7Z408,114784,,,
Q7Z407,Q7Z407,114788,,,
Q6KCM7,Q6KCM7,114789,,,
Q96RT8,Q96RT8,114791,,,
Q96NJ5,Q96NJ5,114792,,,
Q5R3F8,Q5R3F8,114794,,,
Q14DG7,Q14DG7,114795,,,
Q5FWF5,Q5FWF5,114799,,,
Q5VVJ2,Q5VVJ2,114803,,,
Q8IUC8,Q8IUC8,114805,,,
Q96CT2,Q96CT2,114818,,,
Q96DU3,Q96DU3,114836,,,
Q9BXI9,Q9BXI9,114904,,,
Q969P5,Q969P5,114907,,,
Q8WUK0,Q8WUK0,114971,,,
O60503,O60503,115,,,
Q8N884,Q8N884,115004,,,
Q7LBE3,Q7LBE3,115019,,,
Q969T7,Q969T7,115024,,,
Q96CS2,Q96CS2,115106,,,
Q8TE54,Q8TE54,115111,,,
Q86UD3,Q86UD3,115123,,,
Q86TJ5,Q86TJ5,115196,,,
V9HWH2,V9HWH2,1152,,,
Q8WYN0,Q8WYN0,115201,,,
Q8N4Z0,Q8N4Z0,115273,,,
Q70HW3,Q70HW3,115286,,,
Q96EF6,Q96EF6,115290,,,
Q53XX5,Q53XX5,1153,,,
Q96CH1,Q96CH1,115330,,,
Q9NSE2,Q9NSE2,1154,,,
Q96PU4,Q96PU4,115426,,,
Q99426,Q99426,1155,,,
Q96CS4,Q96CS4,115509,,,
Q8WWX8,Q8WWX8,115584,,,
Q96RJ3,Q96RJ3,115650,,,
A0A0B4J1R5,A0A0B4J1R5,115653,,,
Q86TB3,Q86TB3,115701,,,
O14559,O14559,115703,,,
Q96FX7,Q96FX7,115708,,,
Q8TDF6,Q8TDF6,115727,,,
Q8TF46,Q8TF46,115752,,,
Q969Q4,Q969Q4,115761,,,
P06732,P06732,1158,,,
Q96LJ7,Q96LJ7,115817,,,
Q96E17,Q96E17,115827,,,
P12532,P12532,1159,,,
Q9UJK0,Q9UJK0,115939,,,
Q96A37,Q96A37,115992,,,
P18509,P18509,116,,,
P17540,P17540,1160,,,
Q96E14,Q96E14,116028,,,
Q8N2R0,Q8N2R0,116039,,,
Q8N1L9,Q8N1L9,116071,,,
Q96S37,Q96S37,116085,,,
Q9H147,Q9H147,116092,,,
Q13216,Q13216,1161,,,
Q8IVH2,Q8IVH2,116113,,,
Q96E22,Q96E22,116150,,,
Q96KR7,Q96KR7,116154,,,
Q96PF1,Q96PF1,116179,,,
Q5RI15,Q5RI15,116228,,,
Q6UXT9,Q6UXT9,116236,,,
Q96PD6,Q96PD6,116255,,,
Q08AH1,Q08AH1,116285,,,
Q5T178,Q5T178,1163,,,
Q96QZ0,Q96QZ0,116337,,,
Q96RN1,Q96RN1,116369,,,
Q969J5,Q969J5,116379,,,
P33552,P33552,1164,,,
Q96DA2,Q96DA2,116442,,,
Q8TCU5,Q8TCU5,116443,,,
O60391,O60391,116444,,,
Q969P6,Q969P6,116447,,,
Q8TAK6,Q8TAK6,116448,,,
Q8WW01,Q8WW01,116461,,,
W8W3J1,W8W3J1,116511,,,
Q8TDS7,Q8TDS7,116512,,,
Q6Q788,Q6Q788,116519,,,
W4VSQ4,W4VSQ4,116534,,,
Q96AM1,Q96AM1,116535,,,
Q96EL3,Q96EL3,116540,,,
Q6P161,Q6P161,116541,,,
Q86WC6,Q86WC6,116729,,,
Q8N137,Q8N137,116840,,,
Q5SQN1,Q5SQN1,116841,,,
Q86YW9,Q86YW9,116931,,,
Q96L15,Q96L15,116969,,,
Q96P50,Q96P50,116983,,,
Q8WZ64,Q8WZ64,116984,,,
Q96P48,Q96P48,116985,,,
Q99490,Q99490,116986,,,
Q9UPQ3,Q9UPQ3,116987,,,
Q96P47,Q96P47,116988,,,
P41586,P41586,117,,,
Q96BN2,Q96BN2,117143,,,
Q8NEC5,Q8NEC5,117144,,,
Q5T1C6,Q5T1C6,117145,,,
Q96P56,Q96P56,117155,,,
O14796,O14796,117157,,,
Q96QF0,Q96QF0,117177,,,
Q9Y2D8,Q9Y2D8,117178,,,
Q96LB1,Q96LB1,117194,,,
Q96LB0,Q96LB0,117195,,,
Q96LA9,Q96LA9,117196,,,
Q8IY81,Q8IY81,117246,,,
Q8TF71,Q8TF71,117247,,,
Q8N3T1,Q8N3T1,117248,,,
Q96PC2,Q96PC2,117283,,,
Q96CW1,Q96CW1,1173,,,
P61966,P61966,1174,,,
P53680,P53680,1175,,,
Q8WXF3,Q8WXF3,117579,,,
Q8WVJ9,Q8WVJ9,117581,,,
Q92572,Q92572,1176,,,
Q96LW1,Q96LW1,117608,,,
Q05315,Q05315,1178,,,
Q9C030,Q9C030,117854,,,
A8K7I4,A8K7I4,1179,,,
P35611,P35611,118,,,
P35523,P35523,1180,,,
P51788,P51788,1181,,,
P51790,P51790,1182,,,
P51793,P51793,1183,,,
P51795,P51795,1184,,,
Q8N2K1,Q8N2K1,118424,,,
Q9BZJ7,Q9BZJ7,118442,,,
Q5RKV6,Q5RKV6,118460,,,
Q4VC12,Q4VC12,118490,,,
P51797,P51797,1185,,,
P51798,P51798,1186,,,
Q96M02,Q96M02,118611,,,
Q32M84,Q32M84,118663,,,
Q8IV42,Q8IV42,118672,,,
P51800,P51800,1187,,,
Q86YV3,Q86YV3,118788,,,
P51801,P51801,1188,,,
Q5T4F4,Q5T4F4,118813,,,
Q8N119,Q8N119,118856,,,
Q70Z53,Q70Z53,118924,,,
Q05DK5,Q05DK5,119,,,
P10909,P10909,1191,,,
Q7Z4W2,Q7Z4W2,119180,,,
Q5SRT3,Q5SRT3,1192,,,
O15247,O15247,1193,,,
Q9H4Y5,Q9H4Y5,119391,,,
P49759,P49759,1195,,,
Q17RR3,Q17RR3,119548,,,
Q8N436,Q8N436,119587,,,
P49760,P49760,1196,,,
Q8NGJ4,Q8NGJ4,119678,,,
Q8NH60,Q8NH60,119679,,,
Q8NGJ5,Q8NGJ5,119682,,,
Q8NH64,Q8NH64,119687,,,
Q8NGJ8,Q8NGJ8,119692,,,
Q8NH61,Q8NH61,119694,,,
Q8NGF1,Q8NGF1,119695,,,
A6NHA9,A6NHA9,119749,,,
Q8NGF9,Q8NGF9,119764,,,
Q8NGF8,Q8NGF8,119765,,,
Q8NGK5,Q8NGK5,119772,,,
Q8NGK3,Q8NGK3,119774,,,
P49761,P49761,1198,,,
P01011,P01011,12,,,
Q9UEY8,Q9UEY8,120,,,
O14773,O14773,1200,,,
Q8WZ92,Q8WZ92,120065,,,
Q8WZ94,Q8WZ94,120066,,,
Q8N3Y3,Q8N3Y3,120071,,,
Q13286,Q13286,1201,,,
Q6YBV0,Q6YBV0,120103,,,
Q8TDW7,Q8TDW7,120114,,,
A6NGJ6,A6NGJ6,120146,,,
Q6VVX0,Q6VVX0,120227,,,
O75503,O75503,1203,,,
Q6P3W2,Q6P3W2,120526,,,
Q8N0Y5,Q8N0Y5,120586,,,
P54105,P54105,1207,,,
Q8NGH3,Q8NGH3,120775,,,
Q9H210,Q9H210,120776,,,
Q6IF63,Q6IF63,120787,,,
Q8NGH8,Q8NGH8,120793,,,
Q8NGH5,Q8NGH5,120796,,,
A0A087WZW1,A0A087WZW1,1208,,,
Q5S007,Q5S007,120892,,,
P09496,P09496,1211,,,
Q8NGE2,Q8NGE2,121129,,,
Q8NGE3,Q8NGE3,121130,,,
P09497,P09497,1212,,,
Q14C87,Q14C87,121256,,,
Q8N697,Q8N697,121260,,,
Q8TAI7,Q8TAI7,121268,,,
Q96N77,Q96N77,121274,,,
Q8NGE0,Q8NGE0,121275,,,
Q8IWU9,Q8IWU9,121278,,,
A0A087WVQ6,A0A087WVQ6,1213,,,
Q8TDD2,Q8TDD2,121340,,,
Q8NGE5,Q8NGE5,121364,,,
Q7RTS7,Q7RTS7,121391,,,
Q8NHV4,Q8NHV4,121441,,,
Q4FEB3,Q4FEB3,1215,,,
P62805,P62805,121504,,,
Q96M96,Q96M96,121512,,,
Q6ZN18,Q6ZN18,121536,,,
Q6XD76,Q6XD76,121549,,,
B3KVD0,B3KVD0,121551,,,
Q8N5J4,Q8N5J4,121599,,,
Q32M45,Q32M45,121601,,,
Q6NS38,Q6NS38,121642,,,
Q96NZ1,Q96NZ1,121643,,,
Q9UG23,Q9UG23,121665,,,
Q8N752,Q8N752,122011,,,
Q8WXD0,Q8WXD0,122042,,,
Q8ND83,Q8ND83,122060,,,
Q8NDG6,Q8NDG6,122402,,,
Q96M32,Q96M32,122481,,,
F5H2B5,F5H2B5,122618,,,
Q8N142,Q8N142,122622,,,
Q8TAA1,Q8TAA1,122651,,,
Q8TDE3,Q8TDE3,122665,,,
Q86TS9,Q86TS9,122704,,,
B3KVC3,B3KVC3,122706,,,
Q8NGD5,Q8NGD5,122740,,,
Q8NH43,Q8NH43,122742,,,
Q8NGC7,Q8NGC7,122748,,,
Q96L50,Q96L50,122769,,,
Q96NE9,Q96NE9,122786,,,
Q8WXH5,Q8WXH5,122809,,,
Q147X3,Q147X3,122830,,,
Q8WYK2,Q8WYK2,122953,,,
Q8N9L9,Q8N9L9,122970,,,
Q99541,Q99541,123,,,
Q5U003,Q5U003,1230,,,
Q8TAM2,Q8TAM2,123016,,,
Q8N9U0,Q8N9U0,123036,,,
Q8NFF2,Q8NFF2,123041,,,
Q8N8R3,Q8N8R3,123096,,,
Q6QHC5,Q6QHC5,123099,,,
B2RUZ8,B2RUZ8,123103,,,
Q8WVC0,Q8WVC0,123169,,,
Q8TDP4,Q8TDP4,1232,,,
Q96LD8,Q96LD8,123228,,,
Q96DP5,Q96DP5,123263,,,
Q86UW2,Q86UW2,123264,,,
A2RTX5,A2RTX5,123283,,,
P51679,P51679,1233,,,
Q38L21,Q38L21,1234,,,
P51684,P51684,1235,,,
P32248,P32248,1236,,,
Q8TAY1,Q8TAY1,123606,,,
A2RU49,A2RU49,123688,,,
P51685,P51685,1237,,,
Q3MJ16,Q3MJ16,123745,,,
O00590,O00590,1238,,,
Q96AB6,Q96AB6,123803,,,
Q96NB1,Q96NB1,123811,,,
F5GWL3,F5GWL3,123876,,,
Q8IWE4,Q8IWE4,123879,,,
P07327,P07327,124,,,
Q99788,Q99788,1240,,,
Q8IUW3,Q8IUW3,124044,,,
Q8NFA2,Q8NFA2,124056,,,
Q15722,Q15722,1241,,,
Q86VM9,Q86VM9,124245,,,
Q6DWJ6,Q6DWJ6,124274,,,
Q8N8U2,Q8N8U2,124359,,,
Q92887,Q92887,1244,,,
Q8IYM1,Q8IYM1,124404,,,
Q5JPH6,Q5JPH6,124454,,,
Q7Z614,Q7Z614,124460,,,
P58180,P58180,124538,,,
Q96DH6,Q96DH6,124540,,,
Q9HBR0,Q9HBR0,124565,,,
Q8WVQ1,Q8WVQ1,124583,,,
Q2TAC6,Q2TAC6,124602,,,
Q70EL4,Q70EL4,124739,,,
Q96MH2,Q96MH2,124790,,,
Q6IEE7,Q6IEE7,124842,,,
Q8NHY0,Q8NHY0,124872,,,
L7N484,L7N484,124923,,,
Q8N370,Q8N370,124935,,,
Q6ZPD7,Q6ZPD7,124975,,,
Q7Z7H8,Q7Z7H8,124995,,,
Q562E7,Q562E7,124997,,,
V9HW50,V9HW50,125,,,
Q63HM1,Q63HM1,125061,,,
Q8N144,Q8N144,125111,,,
Q6A162,Q6A162,125115,,,
A0PJK1,A0PJK1,125206,,,
Q6PI98,Q6PI98,125476,,,
Q14028,Q14028,1258,,,
Q0VGE8,Q0VGE8,125893,,,
P29973,P29973,1259,,,
Q08ER8,Q08ER8,125919,,,
Q6UY09,Q6UY09,125931,,,
Q8NG98,Q8NG98,125958,,,
Q8NGA0,Q8NGA0,125962,,,
Q8NGA1,Q8NGA1,125963,,,
Q6YFQ2,Q6YFQ2,125965,,,
Q96L12,Q96L12,125972,,,
Q8TDN7,Q8TDN7,125981,,,
P00326,P00326,126,,,
Q16280,Q16280,1260,,,
Q8IYS5,Q8IYS5,126014,,,
Q6ZN06,Q6ZN06,126017,,,
Q8IYI8,Q8IYI8,126070,,,
Q16281,Q16281,1261,,,
Q8TAC2,Q8TAC2,126119,,,
Q8TCG5,Q8TCG5,126129,,,
Q8IV77,Q8IV77,1262,,,
Q96BF3,Q96BF3,126259,,,
Q68EA5,Q68EA5,126295,,,
Q9H4B4,Q9H4B4,1263,,,
Q86Y39,Q86Y39,126328,,,
O60431,O60431,126370,,,
A6NIX2,A6NIX2,126374,,,
Q3KQV3,Q3KQV3,126375,,,
V9HWB6,V9HWB6,126393,,,
Q6NT55,Q6NT55,126410,,,
Q8NI29,Q8NI29,126433,,,
Q496M5,Q496M5,126520,,,
Q8NGA5,Q8NGA5,126541,,,
Q8TAK5,Q8TAK5,126626,,,
P09543,P09543,1267,,,
Q6IQ19,Q6IQ19,126731,,,
Q5VUY0,Q5VUY0,126767,,,
Q96L58,Q96L58,126792,,,
S5TLS4,S5TLS4,1268,,,
P34972,P34972,1269,,,
Q71DI3,Q71DI3,126961,,,
Q8N4M1,Q8N4M1,126969,,,
V9HVX7,V9HVX7,127,,,
P26441,P26441,1270,,,
Q5T6C5,Q5T6C5,127002,,,
Q5VWZ2,Q5VWZ2,127018,,,
A3KFT3,A3KFT3,127059,,,
Q8NG83,Q8NG83,127062,,,
Q8NG77,Q8NG77,127064,,,
Q8NHC7,Q8NHC7,127066,,,
Q8NGX1,Q8NGX1,127068,,,
Q8NGZ9,Q8NGZ9,127069,,,
Q8NH00,Q8NH00,127074,,,
Q8NH01,Q8NH01,127077,,,
P26992,P26992,1271,,,
Q96LB4,Q96LB4,127124,,,
Q12860,Q12860,1272,,,
Q8WXJ9,Q8WXJ9,127247,,,
Q96GE7,Q96GE7,127253,,,
Q8TBF2,Q8TBF2,127281,,,
Q8NHC4,Q8NHC4,127385,,,
Q5T5D7,Q5T5D7,127396,,,
Q9NTQ9,Q9NTQ9,127534,,,
Q8WW32,Q8WW32,127540,,,
Q6ZMZ0,Q6ZMZ0,127544,,,
Q0VDD8,Q0VDD8,127602,,,
Q5JQS5,Q5JQS5,127623,,,
P02452,P02452,1277,,,
P08123,P08123,1278,,,
Q96BM9,Q96BM9,127829,,,
Q8TAS1,Q8TAS1,127933,,,
Q6IRT1,Q6IRT1,128,,,
P02458,P02458,1280,,,
Q8IVB5,Q8IVB5,128077,,,
P02461,P02461,1281,,,
P02462,P02462,1282,,,
Q5JT82,Q5JT82,128209,,,
Q86VI3,Q86VI3,128239,,,
Q8NCW5,Q8NCW5,128240,,,
Q7Z7F7,Q7Z7F7,128308,,,
Q8N257,Q8N257,128312,,,
Q8NGX3,Q8NGX3,128360,,,
Q8NGX9,Q8NGX9,128366,,,
Q8NGY0,Q8NGY0,128367,,,
Q8NGY1,Q8NGY1,128368,,,
Q8NGW6,Q8NGW6,128371,,,
Q8NGY5,Q8NGY5,128372,,,
Q17R31,Q17R31,128387,,,
P08572,P08572,1284,,,
Q8NDY6,Q8NDY6,128408,,,
Q01955,Q01955,1285,,,
Q9NRE2,Q9NRE2,128553,,,
P53420,P53420,1286,,,
Q9H106,Q9H106,128646,,,
Q8NFJ6,Q8NFJ6,128674,,,
Q49AM6,Q49AM6,1287,,,
A8MXH5,A8MXH5,1288,,,
Q9H4G1,Q9H4G1,128821,,,
Q5W186,Q5W186,128822,,,
Q9H1R2,Q9H1R2,128853,,,
Q9H444,Q9H444,128866,,,
Q9H490,Q9H490,128869,,,
Q59EE7,Q59EE7,1289,,,
P05997,P05997,1290,,,
P12109,P12109,1291,,,
P12110,P12110,1292,,,
Q6ZMI0,Q6ZMI0,129285,,,
Q8N4Z1,Q8N4Z1,1293,,,
Q59F16,Q59F16,1294,,,
Q8NFH5,Q8NFH5,129401,,,
A2RUC4,A2RUC4,129450,,,
Q8IYB7,Q8IYB7,129563,,,
Q5EBM0,Q5EBM0,129607,,,
Q6ZWT7,Q6ZWT7,129642,,,
Q7Z7C8,Q7Z7C8,129685,,,
P20849,P20849,1297,,,
Q14055,Q14055,1298,,,
Q53RD9,Q53RD9,129804,,,
Q8WWR8,Q8WWR8,129807,,,
Q96BQ3,Q96BQ3,129868,,,
Q8N3I7,Q8N3I7,129880,,,
Q14050,Q14050,1299,,,
P22760,P22760,13,,,
Q8IUN7,Q8IUN7,130,,,
Q03692,Q03692,1300,,,
Q8TDX5,Q8TDX5,130013,,,
Q8NGU2,Q8NGU2,130075,,,
Q59HB5,Q59HB5,1301,,,
P13942,P13942,1302,,,
Q99715,Q99715,1303,,,
Q96PC3,Q96PC3,130340,,,
Q8IWX5,Q8IWX5,130367,,,
Q8NER5,Q8NER5,130399,,,
Q8TAX0,Q8TAX0,130497,,,
Q5TAT6,Q5TAT6,1305,,,
Q6ZT12,Q6ZT12,130507,,,
Q96C23,Q96C23,130589,,,
P39059,P39059,1306,,,
Q9UMD9,Q9UMD9,1308,,,
Q8NEA4,Q8NEA4,130888,,,
Q7Z6M4,Q7Z6M4,130916,,,
P40394,P40394,131,,,
Q96L42,Q96L42,131096,,,
P49747,P49747,1311,,,
Q96DA6,Q96DA6,131118,,,
P21964,P21964,1312,,,
Q2TBA0,Q2TBA0,131377,,,
P53621,P53621,1314,,,
Q2Q1W2,Q2Q1W2,131405,,,
Q8N4Q1,Q8N4Q1,131474,,,
P53618,P53618,1315,,,
Q8WVZ1,Q8WVZ1,131540,,,
Q99612,Q99612,1316,,,
Q96N76,Q96N76,131669,,,
O15431,O15431,1317,,,
Q53X94,Q53X94,1318,,,
Q96DE0,Q96DE0,131870,,,
A6NMZ7,A6NMZ7,131873,,,
Q8WTQ7,Q8WTQ7,131890,,,
B4DDX3,B4DDX3,131965,,,
P55263,P55263,132,,,
Q96BW9,Q96BW9,132001,,,
Q8NFR9,Q8NFR9,132014,,,
Q8IVS8,Q8IVS8,132158,,,
Q96MI6,Q96MI6,132160,,,
Q8IUV6,Q8IUV6,1325,,,
P41279,P41279,1326,,,
Q96MM3,Q96MM3,132625,,,
P13073,P13073,1327,,,
Q86T26,Q86T26,132724,,,
Q8TDQ7,Q8TDQ7,132789,,,
Q7Z5Q1,Q7Z5Q1,132864,,,
Q86UK5,Q86UK5,132884,,,
P10606,P10606,1329,,,
Q6T311,Q6T311,132946,,,
Q4L235,Q4L235,132949,,,
P35318,P35318,133,,,
Q6UWR7,Q6UWR7,133121,,,
Q86UG4,Q86UG4,133482,,,
Q86YN6,Q86YN6,133522,,,
Q4G0N4,Q4G0N4,133686,,,
P12074,P12074,1337,,,
Q02221,Q02221,1339,,,
P30542,P30542,134,,,
P14854,P14854,1340,,,
Q8NGV0,Q8NGV0,134083,,,
A1L167,A1L167,134111,,,
Q96DG6,Q96DG6,134147,,,
Q5F1R6,Q5F1R6,134218,,,
Q8TAA5,Q8TAA5,134266,,,
Q8NA72,Q8NA72,134359,,,
Q8TDV0,Q8TDV0,134391,,,
Q8NI36,Q8NI36,134430,,,
P09669,P09669,1345,,,
Q8WVY7,Q8WVY7,134510,,,
Q8WYK0,Q8WYK0,134526,,,
Q2M3G4,Q2M3G4,134549,,,
Q6FGI7,Q6FGI7,1346,,,
Q7Z6V5,Q7Z6V5,134637,,,
P14406,P14406,1347,,,
Q96RI9,Q96RI9,134860,,,
Q96RJ0,Q96RJ0,134864,,,
P24311,P24311,1349,,,
Q5T5C0,Q5T5C0,134957,,,
X5DNB4,X5DNB4,135,,,
P15954,P15954,1350,,,
Q53XN1,Q53XN1,1351,,,
Q9NPZ5,Q9NPZ5,135152,,,
Q12887,Q12887,1352,,,
Q6YHK3,Q6YHK3,135228,,,
Q8TD07,Q8TD07,135250,,,
B4DI26,B4DI26,1353,,,
Q8NHY5,Q8NHY5,135458,,,
Q7KZN9,Q7KZN9,1355,,,
P00450,P00450,1356,,,
Q6P9F5,Q6P9F5,135644,,,
P15085,P15085,1357,,,
P48052,P48052,1358,,,
Q86XT4,Q86XT4,135892,,,
P15088,P15088,1359,,,
Q8NGT5,Q8NGT5,135924,,,
Q96R47,Q96R47,135941,,,
O95007,O95007,135946,,,
O95006,O95006,135948,,,
P29275,P29275,136,,,
P15086,P15086,1360,,,
Q8N393,Q8N393,136051,,,
Q96IY4,Q96IY4,1361,,,
O75976,O75976,1362,,,
A0A075B756,A0A075B756,136259,,,
P16870,P16870,1363,,,
Q8WXI3,Q8WXI3,136371,,,
Q75L80,Q75L80,1364,,,
Q75L79,Q75L79,1365,,,
O95471,O95471,1366,,,
P14384,P14384,1368,,,
P15169,P15169,1369,,,
Q8WWH4,Q8WWH4,136991,,,
P22792,P22792,1370,,,
Q96B33,Q96B33,137075,,,
P36551,P36551,1371,,,
Q6PEK7,Q6PEK7,1373,,,
P50416,P50416,1374,,,
Q8NEZ2,Q8NEZ2,137492,,,
Q92523,Q92523,1375,,,
P23786,P23786,1376,,,
Q330K2,Q330K2,137682,,,
P17927,P17927,1378,,,
A6NCS4,A6NCS4,137814,,,
Q8IWW8,Q8IWW8,137872,,,
Q86UL3,Q86UL3,137964,,,
Q6UXZ4,Q6UXZ4,137970,,,
P20023,P20023,1380,,,
Q8IVU6,Q8IVU6,138050,,,
P29762,P29762,1381,,,
Q96BF6,Q96BF6,138151,,,
P29373,P29373,1382,,,
P43155,P43155,1384,,,
Q86Y79,Q86Y79,138428,,,
Q5T9C9,Q5T9C9,138429,,,
Q8IZX4,Q8IZX4,138474,,,
Q53X93,Q53X93,1385,,,
P15336,P15336,1386,,,
A8K0X7,A8K0X7,138639,,,
Q92793,Q92793,1387,,,
Q8N5L8,Q8N5L8,138716,,,
Q8NGS8,Q8NGS8,138799,,,
Q99941,Q99941,1388,,,
Q8NGS7,Q8NGS7,138802,,,
Q8NGS6,Q8NGS6,138803,,,
Q8NGS5,Q8NGS5,138804,,,
Q8NGS4,Q8NGS4,138805,,,
Q8NGR8,Q8NGR8,138881,,,
Q8NGR9,Q8NGR9,138882,,,
Q8NGS0,Q8NGS0,138883,,,
Q03060,Q03060,1390,,,
Q5KSL6,Q5KSL6,139189,,,
P06850,P06850,1392,,,
Q5JTC6,Q5JTC6,139285,,,
Q8IVP5,Q8IVP5,139341,,,
Q8IZF6,Q8IZF6,139378,,,
P34998,P34998,1394,,,
Q13324,Q13324,1395,,,
Q7L8S5,Q7L8S5,139562,,,
A0A0A0MRR5,A0A0A0MRR5,139596,,,
Q6P2M8,Q6P2M8,139728,,,
A6NM28,A6NM28,139735,,,
Q8TDV5,Q8TDV5,139760,,,
P46108,P46108,1398,,,
Q8N7X1,Q8N7X1,139804,,,
P46109,P46109,1399,,,
P0DMS8,P0DMS8,140,,,
Q8TD47,Q8TD47,140032,,,
P02741,P02741,1401,,,
P10915,P10915,1404,,,
Q8IZP6,Q8IZP6,140432,,,
Q8WXH4,Q8WXH4,140456,,,
Q8WWX0,Q8WWX0,140458,,,
Q9NWX5,Q9NWX5,140459,,,
Q9H672,Q9H672,140460,,,
Q9H765,Q9H765,140461,,,
Q96DX5,Q96DX5,140462,,,
P14649,P14649,140465,,,
Q8WXR4,Q8WXR4,140469,,,
B2CML4,B2CML4,140564,,,
Q9H9P2,Q9H9P2,140578,,,
O43186,O43186,1406,,,
Q8TDX7,Q8TDX7,140609,,,
Q8NHY6,Q8NHY6,140612,,,
Q9BWX5,Q9BWX5,140628,,,
Q9H598,Q9H598,140679,,,
Q86UZ6,Q86UZ6,140685,,,
Q86WT6,Q86WT6,140691,,,
Q16526,Q16526,1407,,,
Q9H426,Q9H426,140730,,,
Q96FJ2,Q96FJ2,140735,,,
Q969M7,Q969M7,140739,,,
Q8WXS8,Q8WXS8,140766,,,
Q49AN0,Q49AN0,1408,,,
Q96L21,Q96L21,140801,,,
Q9BX84,Q9BX84,140803,,,
Q14CN4,Q14CN4,140807,,,
Q9BYN0,Q9BYN0,140809,,,
Q9BR09,Q9BR09,140825,,,
Q96MP5,Q96MP5,140831,,,
Q8TBE9,Q8TBE9,140838,,,
Q9H112,Q9H112,140880,,,
P78324,P78324,140885,,,
Q96DU9,Q96DU9,140886,,,
Q8WXA9,Q8WXA9,140890,,,
P02489,P02489,1409,,,
Q8TDR2,Q8TDR2,140901,,,
P54922,P54922,141,,,
V9HW27,V9HW27,1410,,,
P09874,P09874,142,,,
Q96AX9,Q96AX9,142678,,,
Q8WTR2,Q8WTR2,142679,,,
Q8N130,Q8N130,142680,,,
Q8WWU7,Q8WWU7,142683,,,
Q8WXH6,Q8WXH6,142684,,,
Q8WXK1,Q8WXK1,142685,,,
A6NK59,A6NK59,142686,,,
Q8WXK4,Q8WXK4,142689,,,
Q14894,Q14894,1428,,,
Q08257,Q08257,1429,,,
Q8WWH5,Q8WWH5,142940,,,
Q9UKK3,Q9UKK3,143,,,
O75390,O75390,1431,,,
Q96AJ9,Q96AJ9,143187,,,
Q16539,Q16539,1432,,,
Q5U5R9,Q5U5R9,143279,,,
P55060,P55060,1434,,,
Q8TAA3,Q8TAA3,143471,,,
Q8NGK2,Q8NGK2,143496,,,
P09603,P09603,1435,,,
Q8NH67,Q8NH67,143502,,,
Q8TCB6,Q8TCB6,143503,,,
P07333,P07333,1436,,,
Q8IYU4,Q8IYU4,143630,,,
P58005,P58005,143686,,,
Q7Z3Z4,Q7Z3Z4,143689,,,
P04141,P04141,1437,,,
P15509,P15509,1438,,,
Q8NAB2,Q8NAB2,143879,,,
Q6NSJ8,Q6NSJ8,1439,,,
Q6UX15,Q6UX15,143903,,,
Q8N4W3,Q8N4W3,1440,,,
Q99062,Q99062,1441,,,
Q68D10,Q68D10,144108,,,
Q9H207,Q9H207,144124,,,
Q9H205,Q9H205,144125,,,
Q96MT3,Q96MT3,144165,,,
Q96NU7,Q96NU7,144193,,,
P0DML3,P0DML3,1442,,,
Q5I7T1,Q5I7T1,144245,,,
P0DML3,P0DML3,1443,,,
P0C672,P0C672,144448,,,
Q8N1M1,Q8N1M1,144453,,,
Q96AV8,Q96AV8,144455,,,
P41240,P41240,1445,,,
Q6KB66,Q6KB66,144501,,,
P47710,P47710,1446,,,
Q8N1E6,Q8N1E6,144699,,,
P05814,P05814,1447,,,
Q6WBX8,Q6WBX8,144715,,,
P07498,P07498,1448,,,
Q8IV20,Q8IV20,144811,,,
Q32P51,Q32P51,144983,,,
Q6Y288,Q6Y288,145173,,,
Q6PJ06,Q6PJ06,1452,,,
Q96NR8,Q96NR8,145226,,,
P56915,P56915,145258,,,
Q8IW75,Q8IW75,145264,,,
P48730,P48730,1453,,,
Q96LQ0,Q96LQ0,145376,,,
Q8IZM9,Q8IZM9,145389,,,
Q5U045,Q5U045,1454,,,
Q7Z5M8,Q7Z5M8,145447,,,
V9HW32,V9HW32,145482,,,
P78368,P78368,1455,,,
Q86TS1,Q86TS1,145508,,,
Q86V88,Q86V88,145553,,,
Q96NI6,Q96NI6,145581,,,
Q9Y6M4,Q9Y6M4,1456,,,
P68400,P68400,1457,,,
Q96S86,Q96S86,145864,,,
Q0VG99,Q0VG99,145873,,,
P19784,P19784,1459,,,
Q8WWG1,Q8WWG1,145957,,,
P25100,P25100,146,,,
P67870,P67870,1460,,,
Q96AG1,Q96AG1,146050,,,
Q8IWY7,Q8IWY7,146057,,,
Q8IWY9,Q8IWY9,146059,,,
A6NNN8,A6NNN8,146167,,,
Q8TF47,Q8TF47,146198,,,
Q86W61,Q86W61,1462,,,
Q3B7T3,Q3B7T3,146227,,,
Q96M29,Q96M29,146279,,,
Q4LE67,Q4LE67,1463,,,
Q8N461,Q8N461,146330,,,
Q6UVK1,Q6UVK1,1464,,,
Q96LX8,Q96LX8,146434,,,
A1A5D9,A1A5D9,146439,,,
P21291,P21291,1465,,,
A8K8V0,A8K8V0,146540,,,
P0C7X2,P0C7X2,146542,,,
Q5K4E3,Q5K4E3,146547,,,
Q16527,Q16527,1466,,,
Q3V5L5,Q3V5L5,146664,,,
A6NFN3,A6NFN3,146713,,,
Q9P225,Q9P225,146754,,,
Q86UN2,Q86UN2,146760,,,
Q9UBX3,Q9UBX3,1468,,,
Q86VL8,Q86VL8,146802,,,
Q6UXG3,Q6UXG3,146894,,,
P01037,P01037,1469,,,
Q96AY2,Q96AY2,146956,,,
P35368,P35368,147,,,
P09228,P09228,1470,,,
Q6UX07,Q6UX07,147015,,,
P01034,P01034,1471,,,
Q309B1,Q309B1,147166,,,
Q8TF74,Q8TF74,147179,,,
Q7Z3Z0,Q7Z3Z0,147183,,,
P01036,P01036,1472,,,
P28325,P28325,1473,,,
Q6UXH8,Q6UXH8,147372,,,
Q15828,Q15828,1474,,,
Q86SJ6,Q86SJ6,147409,,,
P01040,P01040,1475,,,
Q76LA1,Q76LA1,1476,,,
Q8WV37,Q8WV37,147657,,,
Q76KX8,Q76KX8,147658,,,
Q8TF45,Q8TF45,147686,,,
M0R230,M0R230,147687,,,
Q8NEK5,Q8NEK5,147694,,,
Q05048,Q05048,1477,,,
Q6P597,Q6P597,147700,,,
Q96MR9,Q96MR9,147741,,,
Q8NE63,Q8NE63,147746,,,
E7EWR4,E7EWR4,1478,,,
Q8TA94,Q8TA94,147837,,,
Q8NBT2,Q8NBT2,147841,,,
Q12996,Q12996,1479,,,
Q8N196,Q8N196,147912,,,
Q8TAQ5,Q8TAQ5,147923,,,
Q8N9K5,Q8N9K5,147929,,,
Q96NG8,Q96NG8,147948,,,
Q96ND8,Q96ND8,147949,,,
Q6ZSI9,Q6ZSI9,147968,,,
P35348,P35348,148,,,
Q8IUC6,Q8IUC6,148022,,,
Q8WWF5,Q8WWF5,148066,,,
Q96NL3,Q96NL3,148103,,,
Q96NG5,Q96NG5,148156,,,
A6NK75,A6NK75,148198,,,
P52952,P52952,1482,,,
Q96N38,Q96N38,148206,,,
O60423,O60423,148229,,,
O95057,O95057,148252,,,
Q8NEP9,Q8NEP9,148254,,,
Q5MCW4,Q5MCW4,148266,,,
Q96NI8,Q96NI8,148268,,,
Q8TEY5,Q8TEY5,148327,,,
Q5VVX9,Q5VVX9,148581,,,
Q8TC97,Q8TC97,1486,,,
Q8IY50,Q8IY50,148641,,,
Q13363,Q13363,1487,,,
Q6ZVN8,Q6ZVN8,148738,,,
Q8NCR0,Q8NCR0,148789,,,
P56545,P56545,1488,,,
Q6GTS8,Q6GTS8,148811,,,
Q8NEW0,Q8NEW0,148867,,,
Q16619,Q16619,1489,,,
Q8NBF1,Q8NBF1,148979,,,
Q5M8T4,Q5M8T4,1490,,,
Q5TC82,Q5TC82,149041,,,
P32929,P32929,1491,,,
Q5VWK5,Q5VWK5,149233,,,
Q5VVY1,Q5VVY1,149281,,,
P16410,P16410,1493,,,
Q8N165,Q8N165,149420,,,
Q7Z465,Q7Z465,149428,,,
Q8N6F1,Q8N6F1,149461,,,
P35221,P35221,1495,,,
P26232,P26232,1496,,,
Q5TA31,Q5TA31,149603,,,
O60931,O60931,1497,,,
P35222,P35222,1499,,,
Q9BX40,Q9BX40,149986,,,
Q6XZB0,Q6XZB0,149998,,,
Q16613,Q16613,15,,,
P08913,P08913,150,,,
O60716,O60716,1500,,,
Q9NSI5,Q9NSI5,150084,,,
P57059,P57059,150094,,,
Q8IWL3,Q8IWL3,150274,,,
Q8NEJ0,Q8NEJ0,150290,,,
P17812,P17812,1503,,,
Q7Z6W7,Q7Z6W7,150353,,,
Q7Z6Z6,Q7Z6Z6,150379,,,
Q8NG68,Q8NG68,150465,,,
Q8IYA6,Q8IYA6,150468,,,
Q8NB12,Q8NB12,150572,,,
P40313,P40313,1506,,,
Q8NGW1,Q8NGW1,150681,,,
Q8N271,Q8N271,150696,,,
Q8TF61,Q8TF61,150726,,,
Q8N4P2,Q8N4P2,150737,,,
Q6NUI2,Q6NUI2,150763,,,
Q53S08,Q53S08,150786,,,
P07858,P07858,1508,,,
V9HWI3,V9HWI3,1509,,,
Q3MIT2,Q3MIT2,150962,,,
P18089,P18089,151,,,
P14091,P14091,1510,,,
Q9P0V9,Q9P0V9,151011,,,
Q6P1J6,Q6P1J6,151056,,,
P08311,P08311,1511,,,
Q8NEG5,Q8NEG5,151112,,,
P09668,P09668,1512,,,
Q8NBE8,Q8NBE8,151230,,,
Q8WVI7,Q8WVI7,151242,,,
B7Z7S9,B7Z7S9,151246,,,
Q08AI6,Q08AI6,151258,,,
Q6PIS1,Q6PIS1,151295,,,
P43235,P43235,1513,,,
Q8TDU6,Q8TDU6,151306,,,
P07711,P07711,1514,,,
Q7Z4P5,Q7Z4P5,151449,,,
Q7RTX9,Q7RTX9,151473,,,
O60911,O60911,1515,,,
O95045,O95045,151531,,,
Q8TDB6,Q8TDB6,151636,,,
Q5FBB7,Q5FBB7,151648,,,
Q5SGD2,Q5SGD2,151742,,,
Q7Z6A9,Q7Z6A9,151888,,,
P43234,P43234,1519,,,
Q8WUD4,Q8WUD4,151903,,,
Q9NY27,Q9NY27,151987,,,
Q4W594,Q4W594,152,,,
P25774,P25774,1520,,,
Q9H0F5,Q9H0F5,152006,,,
P56202,P56202,1521,,,
Q7Z7K0,Q7Z7K0,152100,,,
Q8N774,Q8N774,152110,,,
Q8N0Z3,Q8N0Z3,152185,,,
Q9UBR2,Q9UBR2,1522,,,
Q6ZNL6,Q6ZNL6,152273,,,
P39880,P39880,1523,,,
Q8IWV2,Q8IWV2,152330,,,
P49238,P49238,1524,,,
Q5DX21,Q5DX21,152404,,,
P78310,P78310,1525,,,
Q6ZNB6,Q6ZNB6,152518,,,
A6NG13,A6NG13,152586,,,
Q7Z3I0,Q7Z3I0,152687,,,
Q8N3J5,Q8N3J5,152926,,,
Q8IYL2,Q8IYL2,152992,,,
P08588,P08588,153,,,
Q8NBW4,Q8NBW4,153129,,,
Q495M3,Q495M3,153201,,,
Q8N960,Q8N960,153241,,,
Q6ZT89,Q6ZT89,153328,,,
P49447,P49447,1534,,,
P13498,P13498,1535,,,
Q96NC0,Q96NC0,153527,,,
Q8N4S9,Q8N4S9,153562,,,
Q6UXG8,Q6UXG8,153579,,,
P04839,P04839,1536,,,
Q6UWY0,Q6UWY0,153642,,,
P08574,P08574,1537,,,
Q8TEC5,Q8TEC5,153769,,,
P07550,P07550,154,,,
Q9NQC7,Q9NQC7,1540,,,
Q6IEG0,Q6IEG0,154007,,,
Q5VY80,Q5VY80,154064,,,
Q8TD20,Q8TD20,154091,,,
Q6ZNC8,Q6ZNC8,154141,,,
Q5TGJ6,Q5TGJ6,154150,,,
Q8TC41,Q8TC41,154214,,,
P04798,P04798,1543,,,
P05177,P05177,1544,,,
Q53TK1,Q53TK1,1545,,,
Q86UQ4,Q86UQ4,154664,,,
Q4VCS5,Q4VCS5,154796,,,
P11509,P11509,1548,,,
Q8N0U8,Q8N0U8,154807,,,
Q8IY63,Q8IY63,154810,,,
P20853,P20853,1549,,,
P13945,P13945,155,,,
Q6IV72,Q6IV72,155054,,,
Q6NUN9,Q6NUN9,155061,,,
Q8NHE4,Q8NHE4,155066,,,
P24462,P24462,1551,,,
Q6PXP3,Q6PXP3,155184,,,
Q400G9,Q400G9,155185,,,
Q16696,Q16696,1553,,,
Q86XT2,Q86XT2,155382,,,
P20813,P20813,1555,,,
P33261,P33261,1557,,,
P10632,P10632,1558,,,
S5RV20,S5RV20,1559,,,
P25098,P25098,156,,,
Q7Z348,Q7Z348,1562,,,
Q5Y7H2,Q5Y7H2,1565,,,
Q8N433,Q8N433,157,,,
P05181,P05181,1571,,,
P24903,P24903,1572,,,
Q86YV5,Q86YV5,157285,,,
P51589,P51589,1573,,,
Q69YH5,Q69YH5,157313,,,
Q8IZV5,Q8IZV5,157506,,,
Q56NI9,Q56NI9,157570,,,
Q8IX29,Q8IX29,157574,,,
Q6GRK0,Q6GRK0,1576,,,
Q7Z7G8,Q7Z7G8,157680,,,
P20815,P20815,1577,,,
Q8TCU3,Q8TCU3,157724,,,
A8MYU2,A8MYU2,157855,,,
Q02928,Q02928,1579,,,
Q5T5Y3,Q5T5Y3,157922,,,
X5D8S6,X5D8S6,158,,,
P13584,P13584,1580,,,
Q5VZ03,Q5VZ03,158046,,,
Q96MA6,Q96MA6,158067,,,
P22680,P22680,1581,,,
Q15612,Q15612,158131,,,
Q8NHH1,Q8NHH1,158135,,,
Q8IZ41,Q8IZ41,158158,,,
Q9UNU6,Q9UNU6,1582,,,
P05108,P05108,1583,,,
Q8TDD0,Q8TDD0,1584,,,
Q6ZMW2,Q6ZMW2,158431,,,
Q8WUY3,Q8WUY3,158471,,,
P19099,P19099,1585,,,
Q8N7E2,Q8N7E2,158506,,,
Q6GMR7,Q6GMR7,158584,,,
Q1HB44,Q1HB44,1586,,,
Q86UN6,Q86UN6,158798,,,
Q8TCA4,Q8TCA4,1588,,,
Q58HT5,Q58HT5,158833,,,
Q6E213,Q6E213,158835,,,
Q96MV8,Q96MV8,158866,,,
Q70EK9,Q70EK9,158880,,,
Q16874,Q16874,1589,,,
Q7Z2G1,Q7Z2G1,158983,,,
P30520,P30520,159,,,
Q07973,Q07973,1591,,,
O43174,O43174,1592,,,
Q8TAU0,Q8TAU0,159296,,,
Q02318,Q02318,1593,,,
O15528,O15528,1594,,,
Q16850,Q16850,1595,,,
Q1EHB4,Q1EHB4,159963,,,
P49588,P49588,16,,,
O95782,O95782,160,,,
P98082,P98082,1601,,,
Q6ZMR3,Q6ZMR3,160287,,,
Q53G02,Q53G02,1603,,,
Q5QGZ9,Q5QGZ9,160364,,,
Q8IZS7,Q8IZS7,160365,,,
P08174,P08174,1604,,,
Q3SY69,Q3SY69,160428,,,
Q14118,Q14118,1605,,,
P23743,P23743,1606,,,
Q9Y6T7,Q9Y6T7,1607,,,
Q8N695,Q8N695,160728,,,
Q8NI37,Q8NI37,160760,,,
P49619,P49619,1608,,,
Q86XP1,Q86XP1,160851,,,
Q59FF7,Q59FF7,1609,,,
O94973,O94973,161,,,
P14920,P14920,1610,,,
Q8TAV4,Q8TAV4,161003,,,
Q86T13,Q86T13,161198,,,
P53355,P53355,1612,,,
Q8IYK8,Q8IYK8,161253,,,
O43293,O43293,1613,,,
Q86U38,Q86U38,161424,,,
Q05BV3,Q05BV3,161436,,,
P14868,P14868,1615,,,
Q9UER7,Q9UER7,1616,,,
Q8TE49,Q8TE49,161725,,,
Q7Z699,Q7Z699,161742,,,
Q8NHP7,Q8NHP7,161829,,,
Q8IX07,Q8IX07,161882,,,
Q10567,Q10567,162,,,
P09172,P09172,1621,,,
P07108,P07108,1622,,,
Q6P2D0,Q6P2D0,162239,,,
Q8NA82,Q8NA82,162333,,,
Q8N159,Q8N159,162417,,,
Q8TCT1,Q8TCT1,162466,,,
P58872,P58872,162494,,,
B2KYM6,B2KYM6,162514,,,
Q8NCK7,Q8NCK7,162515,,,
Q8N4B4,Q8N4B4,162517,,,
Q8IUH8,Q8IUH8,162540,,,
Q7Z3Y7,Q7Z3Y7,162605,,,
Q8TB69,Q8TB69,162655,,,
Q8NG57,Q8NG57,162699,,,
Q10586,Q10586,1628,,,
P11182,P11182,1629,,,
Q6ZNA1,Q6ZNA1,162962,,,
Q8N9Z0,Q8N9Z0,162963,,,
Q6ZNG1,Q6ZNG1,162966,,,
Q6ZP55,Q6ZP55,162967,,,
Q7Z398,Q7Z398,162972,,,
Q147U1,Q147U1,162993,,,
Q96RA2,Q96RA2,162998,,,
Q96EL6,Q96EL6,163,,,
Q49AK4,Q49AK4,1630,,,
Q3KP31,Q3KP31,163049,,,
Q8TBZ8,Q8TBZ8,163050,,,
Q8N972,Q8N972,163051,,,
Q8N7K0,Q8N7K0,163059,,,
Q8NC26,Q8NC26,163071,,,
Q8N184,Q8N184,163081,,,
Q8NA42,Q8NA42,163087,,,
Q9Y6R6,Q9Y6R6,163131,,,
P42126,P42126,1632,,,
Q8N7Q3,Q8N7Q3,163223,,,
Q8IYN0,Q8IYN0,163227,,,
Q8NDQ6,Q8NDQ6,163255,,,
P27707,P27707,1633,,,
Q6FH10,Q6FH10,1634,,,
Q32ZL2,Q32ZL2,163404,,,
P32321,P32321,1635,,,
Q8NAT2,Q8NAT2,163589,,,
P12821,P12821,1636,,,
Q8TD86,Q8TD86,163688,,,
Q8IU57,Q8IU57,163702,,,
Q6UVJ0,Q6UVJ0,163786,,,
P40126,P40126,1638,,,
Q6PJW8,Q6PJW8,163882,,,
Q14203,Q14203,1639,,,
Q8IY97,Q8IY97,164,,,
A2PYH4,A2PYH4,164045,,,
O43602,O43602,1641,,,
Q16531,Q16531,1642,,,
Q92466,Q92466,1643,,,
Q3SXZ7,Q3SXZ7,164395,,,
Q53Y41,Q53Y41,1644,,,
Q04828,Q04828,1645,,,
P52895,P52895,1646,,,
Q8IU80,Q8IU80,164656,,,
Q6NTF7,Q6NTF7,164668,,,
P24522,P24522,1647,,,
P35638,P35638,1649,,,
P39656,P39656,1650,,,
Q8IZF5,Q8IZF5,165082,,,
Q8TDS5,Q8TDS5,165140,,,
Q53Y51,Q53Y51,1652,,,
Q92499,Q92499,1653,,,
O00571,O00571,1654,,,
P17844,P17844,1655,,,
B7ZMM1,B7ZMM1,165530,,,
Q8TE96,Q8TE96,165545,,,
P26196,P26196,1656,,,
Q460N3,Q460N3,165631,,,
Q8NHS0,Q8NHS0,165721,,,
Q8NFN8,Q8NFN8,165829,,,
Q14562,Q14562,1659,,,
Q08211,Q08211,1660,,,
Q8NET6,Q8NET6,166012,,,
Q13206,Q13206,1662,,,
Q96FC9,Q96FC9,1663,,,
Q7Z3G6,Q7Z3G6,166336,,,
Q8NB90,Q8NB90,166378,,,
Q6ZW61,Q6ZW61,166379,,,
O43143,O43143,1665,,,
Q16698,Q16698,1666,,,
Q8N568,Q8N568,166614,,,
Q8IWK6,Q8IWK6,166647,,,
Q495X7,Q495X7,166655,,,
P59665,P59665,1667,,,
Q8IVH4,Q8IVH4,166785,,,
Q6EZE9,Q6EZE9,1668,,,
Q6ZTQ3,Q6ZTQ3,166824,,,
P12838,P12838,1669,,,
Q8NHU3,Q8NHU3,166929,,,
Q01523,Q01523,1670,,,
Q01524,Q01524,1671,,,
Q6PIY7,Q6PIY7,167153,,,
Q8IU60,Q8IU60,167227,,,
Q8IY84,Q8IY84,167359,,,
Q53SB5,Q53SB5,1674,,,
P00746,P00746,1675,,,
O00273,O00273,1676,,,
Q96P73,Q96P73,1677,,,
Q7RTU3,Q7RTU3,167826,,,
Q7Z4T8,Q7Z4T8,168391,,,
Q8IYX0,Q8IYX0,168417,,,
Q8WVZ7,Q8WVZ7,168433,,,
Q8TDX9,Q8TDX9,168507,,,
Q7RTS1,Q7RTS1,168620,,,
Q8IWU4,Q8IWU4,169026,,,
Q8NFW1,Q8NFW1,169044,,,
Q8N9S9,Q8N9S9,169166,,,
Q8TC21,Q8TC21,169270,,,
Q6ZQW0,Q6ZQW0,169355,,,
Q8NE28,Q8NE28,169436,,,
Q8TDN2,Q8TDN2,169522,,,
Q6ZRP7,Q6ZRP7,169714,,,
Q8NEA6,Q8NEA6,169792,,,
Q96QS3,Q96QS3,170302,,,
Q495W5,Q495W5,170384,,,
Q8WTT0,Q8WTT0,170482,,,
Q9H2U1,Q9H2U1,170506,,,
Q8WXA8,Q8WXA8,170572,,,
Q8NFP7,Q8NFP7,170685,,,
Q8TE58,Q8TE58,170689,,,
Q8TE57,Q8TE57,170690,,,
Q8TE56,Q8TE56,170691,,,
Q8TE60,Q8TE60,170692,,,
Q8TF08,Q8TF08,170712,,,
Q9BZM3,Q9BZM3,170825,,,
Q8TAE7,Q8TAE7,170850,,,
Q6NYC8,Q6NYC8,170954,,,
Q8TF32,Q8TF32,170959,,,
Q8TF20,Q8TF20,170960,,,
Q8TE59,Q8TE59,171019,,,
Q498B9,Q498B9,171023,,,
Q96L33,Q96L33,171177,,,
Q8TD23,Q8TD23,171392,,,
Q8N0X4,Q8N0X4,171425,,,
Q6ZNR1,Q6ZNR1,171558,,,
Q9Y535,Q9Y535,171568,,,
Q8WU67,Q8WU67,171586,,,
Q16854,Q16854,1716,,,
Q9UBM7,Q9UBM7,1717,,,
Q15392,Q15392,1718,,,
P00374,P00374,1719,,,
Q02127,Q02127,1723,,,
P49366,P49366,1725,,,
P00387,P00387,1727,,,
P15559,P15559,1728,,,
O60610,O60610,1729,,,
O60879,O60879,1730,,,
Q8WYJ6,Q8WYJ6,1731,,,
P49895,P49895,1733,,,
Q92813,Q92813,1734,,,
Q86TU3,Q86TU3,1735,,,
O60832,O60832,1736,,,
Q86YI5,Q86YI5,1737,,,
P09622,P09622,1738,,,
Q12959,Q12959,1739,,,
P02771,P02771,174,,,
Q15700,Q15700,1740,,,
Q92796,Q92796,1741,,,
P78352,P78352,1742,,,
B7Z6J1,B7Z6J1,1743,,,
P56177,P56177,1745,,,
X5D7D8,X5D7D8,1746,,,
O60479,O60479,1747,,,
Q92988,Q92988,1748,,,
Q53Y73,Q53Y73,1749,,,
P20933,P20933,175,,,
P56179,P56179,1750,,,
Q9UGM3,Q9UGM3,1755,,,
Q4G0X0,Q4G0X0,1756,,,
Q9UL12,Q9UL12,1757,,,
Q05193,Q05193,1759,,,
E7ENV9,E7ENV9,176,,,
Q09013,Q09013,1760,,,
Q9Y5R6,Q9Y5R6,1761,,,
P51530,P51530,1763,,,
Q8TE73,Q8TE73,1767,,,
Q9C0G6,Q9C0G6,1768,,,
Q96JB1,Q96JB1,1769,,,
Q9NYC9,Q9NYC9,1770,,,
P24855,P24855,1773,,,
P49184,P49184,1774,,,
Q92874,Q92874,1775,,,
Q13609,Q13609,1776,,,
O00115,O00115,1777,,,
Q14204,Q14204,1778,,,
P35573,P35573,178,,,
Q8N542,Q8N542,1780,,,
Q13409,Q13409,1781,,,
O43237,O43237,1783,,,
P50570,P50570,1785,,,
P26358,P26358,1786,,,
Q6ICS7,Q6ICS7,1787,,,
Q9Y6K1,Q9Y6K1,1788,,,
Q9UBC3,Q9UBC3,1789,,,
P04053,P04053,1791,,,
B2RUU3,B2RUU3,1793,,,
Q92608,Q92608,1794,,,
Q8IZD9,Q8IZD9,1795,,,
Q99704,Q99704,1796,,,
O77932,O77932,1797,,,
Q9H3H5,Q9H3H5,1798,,,
X5D8S1,X5D8S1,18,,,
P16444,P16444,1800,,,
Q9BZG8,Q9BZG8,1801,,,
Q9BQC3,Q9BQC3,1802,,,
P27487,P27487,1803,,,
Q12882,Q12882,1806,,,
Q14117,Q14117,1807,,,
Q59GB4,Q59GB4,1808,,,
O00253,O00253,181,,,
P40879,P40879,1811,,,
P21728,P21728,1812,,,
P14416,P14416,1813,,,
X5D2G4,X5D2G4,1814,,,
P21917,P21917,1815,,,
P21918,P21918,1816,,,
P55039,P55039,1819,,,
Q99740,Q99740,182,,,
Q86V38,Q86V38,1822,,,
Q9HB00,Q9HB00,1823,,,
Q02487,Q02487,1824,,,
Q14574,Q14574,1825,,,
Q8WY19,Q8WY19,1826,,,
P53805,P53805,1827,,,
Q02413,Q02413,1828,,,
Q14126,Q14126,1829,,,
P01019,P01019,183,,,
P32926,P32926,1830,,,
P15924,P15924,1832,,,
Q99645,Q99645,1833,,,
P50443,P50443,1836,,,
Q99075,Q99075,1839,,,
Q86Y01,Q86Y01,1840,,,
Q53F55,Q53F55,1841,,,
O94769,O94769,1842,,,
P28562,P28562,1843,,,
Q05923,Q05923,1844,,,
P51452,P51452,1845,,,
Q13115,Q13115,1846,,,
Q16690,Q16690,1847,,,
Q16828,Q16828,1848,,,
Q16829,Q16829,1849,,,
Q53YY0,Q53YY0,185,,,
Q13202,Q13202,1850,,,
Q99956,Q99956,1852,,,
P33316,P33316,1854,,,
O14640,O14640,1855,,,
O14641,O14641,1856,,,
Q92997,Q92997,1857,,,
Q13627,Q13627,1859,,,
P50052,P50052,186,,,
Q9BSD8,Q9BSD8,1869,,,
P35414,P35414,187,,,
Q14209,Q14209,1870,,,
O00716,O00716,1871,,,
Q16254,Q16254,1874,,,
Q15329,Q15329,1875,,,
O75461,O75461,1876,,,
B4E2U8,B4E2U8,1879,,,
P32249,P32249,1880,,,
P42892,P42892,1889,,,
P21549,P21549,189,,,
P19971,P19971,1890,,,
Q13011,Q13011,1891,,,
P30084,P30084,1892,,,
Q92838,Q92838,1896,,,
O95477,O95477,19,,,
P51843,P51843,190,,,
P21453,P21453,1901,,,
Q92633,Q92633,1902,,,
Q99500,Q99500,1903,,,
P05305,P05305,1906,,,
P20800,P20800,1907,,,
P14138,P14138,1908,,,
P25101,P25101,1909,,,
P23526,P23526,191,,,
P24530,P24530,1910,,,
Q6N083,Q6N083,1911,,,
Q8IXK0,Q8IXK0,1912,,,
Q6IPS9,Q6IPS9,1915,,,
Q05639,Q05639,1917,,,
Q96HS1,Q96HS1,192111,,,
Q6ZMB0,Q6ZMB0,192134,,,
Q2M2I5,Q2M2I5,192666,,,
Q9H9G7,Q9H9G7,192669,,,
Q9HCK5,Q9HCK5,192670,,,
P24534,P24534,1933,,,
P29692,P29692,1936,,,
Q53YD7,Q53YD7,1937,,,
P13639,P13639,1938,,,
P41214,P41214,1939,,,
P20827,P20827,1942,,,
O43921,O43921,1943,,,
P52797,P52797,1944,,,
P52798,P52798,1945,,,
P52803,P52803,1946,,,
P98172,P98172,1947,,,
P52799,P52799,1948,,,
Q15768,Q15768,1949,,,
P01133,P01133,1950,,,
Q9NYQ7,Q9NYQ7,1951,,,
Q9HCU4,Q9HCU4,1952,,,
P00533,P00533,1956,,,
Q546S1,Q546S1,1958,,,
Q8N3Y7,Q8N3Y7,195814,,,
P11161,P11161,1959,,,
P35869,P35869,196,,,
Q06889,Q06889,1960,,,
Q05215,Q05215,1961,,,
Q9NY65,Q9NY65,1962,,,
Q96LU5,Q96LU5,196294,,,
Q8NH76,Q8NH76,196335,,,
Q8N1N4,Q8N1N4,196374,,,
Q8IVF4,Q8IVF4,196385,,,
P47813,P47813,1964,,,
Q8N9I9,Q8N9I9,196403,,,
Q53XC0,Q53XC0,1965,,,
Q8IZD4,Q8IZD4,196513,,,
Q4KMQ2,Q4KMQ2,196527,,,
Q68CP9,Q68CP9,196528,,,
Q14232,Q14232,1967,,,
Q6QHF9,Q6QHF9,196743,,,
P41091,P41091,1968,,,
Q8NFM4,Q8NFM4,196883,,,
P29317,P29317,1969,,,
Q8IWV7,Q8IWV7,197131,,,
Q86WU2,Q86WU2,197257,,,
Q8N0W3,Q8N0W3,197258,,,
Q8NB16,Q8NB16,197259,,,
P60842,P60842,1973,,,
A0A0A0MSW5,A0A0A0MSW5,197320,,,
Q4G176,Q4G176,197322,,,
A4GXA9,A4GXA9,197342,,,
Q14240,Q14240,1974,,,
Q7Z5Y0,Q7Z5Y0,1975,,,
X5D7E3,X5D7E3,1977,,,
Q13541,Q13541,1978,,,
Q13542,Q13542,1979,,,
B2RU10,B2RU10,1981,,,
P78344,P78344,1982,,,
P55010,P55010,1983,,,
P63241,P63241,1984,,,
Q4V347,Q4V347,199,,,
Q9UNI1,Q9UNI1,1990,,,
P08246,P08246,1991,,,
V9HWH1,V9HWH1,1992,,,
Q8IYY4,Q8IYY4,199221,,,
Q12926,Q12926,1993,,,
Q15717,Q15717,1994,,,
Q14576,Q14576,1995,,,
P26378,P26378,1996,,,
Q7L945,Q7L945,199692,,,
Q6MZZ4,Q6MZZ4,1997,,,
Q6P3V2,Q6P3V2,199704,,,
Q8WX94,Q8WX94,199713,,,
Q8NFZ8,Q8NFZ8,199731,,,
Q8WU68,Q8WU68,199746,,,
Q15723,Q15723,1998,,,
Q96F25,Q96F25,199857,,,
P78545,P78545,1999,,,
Q86W10,Q86W10,199974,,,
P01023,P01023,2,,,
Q9BZC7,Q9BZC7,20,,,
Q99607,Q99607,2000,,,
Q2M3M2,Q2M3M2,200010,,,
Q5T0F9,Q5T0F9,200014,,,
Q9UKW6,Q9UKW6,2001,,,
Q8N7P1,Q8N7P1,200150,,,
Q53ET0,Q53ET0,200186,,,
P19419,P19419,2002,,,
B7ZLZ1,B7ZLZ1,200315,,,
Q8IUX4,Q8IUX4,200316,,,
Q9NU39,Q9NU39,200350,,,
Q8IXL1,Q8IXL1,2005,,,
Q8IW19,Q8IW19,200558,,,
Q9Y2I7,Q9Y2I7,200576,,,
P15502,P15502,2006,,,
Q86X19,Q86X19,200728,,,
Q7Z698,Q7Z698,200734,,,
Q8WWY8,Q8WWY8,200879,,,
Q3SXY8,Q3SXY8,200894,,,
Q86XF0,Q86XF0,200895,,,
O00423,O00423,2009,,,
Q70Z44,Q70Z44,200909,,,
Q6P5R6,Q6P5R6,200916,,,
Q86UW1,Q86UW1,200931,,,
P0C2W1,P0C2W1,200933,,,
A8MPY1,A8MPY1,200959,,,
P50402,P50402,2010,,,
Q7KZI7,Q7KZI7,2011,,,
Q8N8E3,Q8N8E3,201134,,,
A6NNS2,A6NNS2,201140,,,
Q8NFG4,Q8NFG4,201163,,,
Q8N2A8,Q8N2A8,201164,,,
Q7RTY0,Q7RTY0,201232,,,
A8MT69,A8MT69,201254,,,
Q8N1S5,Q8N1S5,201266,,,
Q6PJ69,Q6PJ69,201292,,,
Q8NG50,Q8NG50,201299,,,
Q8NCQ5,Q8NCQ5,201456,,,
Q6IQ22,Q6IQ22,201475,,,
Q14246,Q14246,2015,,,
B2RG49,B2RG49,201501,,,
Q8IVC4,Q8IVC4,201514,,,
Q8NAM6,Q8NAM6,201516,,,
Q6Y1H2,Q6Y1H2,201562,,,
Q8TCJ2,Q8TCJ2,201595,,,
Q04741,Q04741,2016,,,
Q6L8Q7,Q6L8Q7,201626,,,
Q495A1,Q495A1,201633,,,
Q14247,Q14247,2017,,,
Q96EP9,Q96EP9,201780,,,
Q04743,Q04743,2018,,,
Q05925,Q05925,2019,,,
P19622,P19622,2020,,,
Q9H819,Q9H819,202052,,,
Q14249,Q14249,2021,,,
Q5T9B9,Q5T9B9,2022,,,
P06733,P06733,2023,,,
Q8WU08,Q8WU08,202374,,,
Q5VWX1,Q5VWX1,202559,,,
Q6FHV6,Q6FHV6,2026,,,
P13929,P13929,2027,,,
Q07075,Q07075,2028,,,
Q6FGX9,Q6FGX9,203,,,
Q99808,Q99808,2030,,,
Q3MIX3,Q3MIX3,203054,,,
Q6P186,Q6P186,203062,,,
P07437,P07437,203068,,,
P83105,P83105,203100,,,
Q8TC27,Q8TC27,203102,,,
Q7Z6C1,Q7Z6C1,2033,,,
Q99814,Q99814,2034,,,
Q8WUT9,Q8WUT9,203427,,,
Q7Z2Y5,Q7Z2Y5,203447,,,
Q59F12,Q59F12,2035,,,
Q5JSJ4,Q5JSJ4,203522,,,
Q7Z3P1,Q7Z3P1,203523,,,
Q9H4G0,Q9H4G0,2036,,,
Q9Y6F7,Q9Y6F7,203611,,,
Q59FD8,Q59FD8,2037,,,
Q75V66,Q75V66,203859,,,
P54819,P54819,204,,,
P21709,P21709,2041,,,
Q6P4R6,Q6P4R6,2042,,,
Q8IU89,Q8IU89,204219,,,
P54764,P54764,2043,,,
B7ZKJ3,B7ZKJ3,2044,,,
Q15375,Q15375,2045,,,
P29322,P29322,2046,,,
P54762,P54762,2047,,,
Q6NVW1,Q6NVW1,2048,,,
Q86Z02,Q86Z02,204851,,,
P54753,P54753,2049,,,
Q8NCS7,Q8NCS7,204962,,,
P27144,P27144,205,,,
Q96L35,Q96L35,2050,,,
J3KQU5,J3KQU5,2051,,,
R4SBI6,R4SBI6,2052,,,
P34913,P34913,2053,,,
P32856,P32856,2054,,,
Q9UBY8,Q9UBY8,2055,,,
Q96HI0,Q96HI0,205564,,,
P01588,P01588,2056,,,
P19235,P19235,2057,,,
P07814,P07814,2058,,,
Q8N7C3,Q8N7C3,205860,,,
Q12929,Q12929,2059,,,
P42566,P42566,2060,,,
P10588,P10588,2063,,,
Q6Q4G3,Q6Q4G3,206338,,,
Q7Z2H8,Q7Z2H8,206358,,,
P04626,P04626,2064,,,
P21860,P21860,2065,,,
Q15303,Q15303,2066,,,
P07992,P07992,2067,,,
P18074,P18074,2068,,,
O14944,O14944,2069,,,
P31749,P31749,207,,,
O95677,O95677,2070,,,
Q8N5I4,Q8N5I4,207063,,,
P19447,P19447,2071,,,
Q92889,Q92889,2072,,,
P28715,P28715,2073,,,
Q59FF6,Q59FF6,2074,,,
P50548,P50548,2077,,,
P11308,P11308,2078,,,
B4DG79,B4DG79,208,,,
O75460,O75460,2081,,,
P22087,P22087,2091,,,
P10768,P10768,2098,,,
P03372,P03372,2099,,,
Q99758,Q99758,21,,,
Q6ZMU0,Q6ZMU0,210,,,
Q92731,Q92731,2100,,,
Q569H8,Q569H8,2101,,,
O95718,O95718,2103,,,
P62508,P62508,2104,,,
P62495,P62495,2107,,,
P13804,P13804,2108,,,
P38117,P38117,2109,,,
Q5JAM2,Q5JAM2,211,,,
Q16134,Q16134,2110,,,
P14921,P14921,2113,,,
P50549,P50549,2115,,,
K7ERX2,K7ERX2,2116,,,
P41162,P41162,2117,,,
P43268,P43268,2118,,,
P41161,P41161,2119,,,
P22557,P22557,212,,,
P41212,P41212,2120,,,
P57679,P57679,2121,,,
Q03112,Q03112,2122,,,
Q9BRW1,Q9BRW1,2124,,,
Q92817,Q92817,2125,,,
P49640,P49640,2128,,,
P02768,P02768,213,,,
Q01844,Q01844,2130,,,
Q16394,Q16394,2131,,,
Q93063,Q93063,2132,,,
Q92935,Q92935,2134,,,
Q9UBQ6,Q9UBQ6,2135,,,
O43909,O43909,2137,,,
Q99502,Q99502,2138,,,
O00167,O00167,2139,,,
Q13740,Q13740,214,,,
Q99504,Q99504,2140,,,
Q92800,Q92800,2145,,,
Q15910,Q15910,2146,,,
P00734,P00734,2147,,,
Q2TNB2,Q2TNB2,2149,,,
P33897,P33897,215,,,
P55085,P55085,2150,,,
O00254,O00254,2151,,,
P13726,P13726,2152,,,
P12259,P12259,2153,,,
P08709,P08709,2155,,,
P00451,P00451,2157,,,
P00740,P00740,2158,,,
Q5JVE7,Q5JVE7,2159,,,
V9HW83,V9HW83,216,,,
P03951,P03951,2160,,,
Q8IZZ5,Q8IZZ5,2161,,,
P00488,P00488,2162,,,
P05160,P05160,2165,,,
Q9UG55,Q9UG55,2166,,,
P15090,P15090,2167,,,
Q6FGL7,Q6FGL7,2168,,,
P12104,P12104,2169,,,
P05091,P05091,217,,,
P05413,P05413,2170,,,
Q01469,Q01469,2171,,,
P51161,P51161,2172,,,
O15540,O15540,2173,,,
Q86U55,Q86U55,2175,,,
Q00597,Q00597,2176,,,
Q9BXW9,Q9BXW9,2177,,,
Q9HB96,Q9HB96,2178,,,
Q6PKA6,Q6PKA6,218,,,
P33121,P33121,2180,,,
O95573,O95573,2181,,,
O60488,O60488,2182,,,
P16930,P16930,2184,,,
Q14289,Q14289,2185,,,
Q12830,Q12830,2186,,,
Q8NB91,Q8NB91,2187,,,
Q9NPI8,Q9NPI8,2188,,,
Q53XM5,Q53XM5,2189,,,
P30837,P30837,219,,,
Q12884,Q12884,2191,,,
P23142,P23142,2192,,,
Q9Y285,Q9Y285,2193,,,
O75317,O75317,219333,,,
P49327,P49327,2194,,,
Q9H2K0,Q9H2K0,219402,,,
Q9H4S2,Q9H4S2,219409,,,
Q8NH10,Q8NH10,219417,,,
Q8NGL9,Q8NGL9,219428,,,
Q6IEV9,Q6IEV9,219429,,,
Q8NH73,Q8NH73,219431,,,
Q8NH72,Q8NH72,219432,,,
Q8NGL3,Q8NGL3,219436,,,
Q8NGL2,Q8NGL2,219437,,,
Q8NGL1,Q8NGL1,219438,,,
Q8N127,Q8N127,219447,,,
Q8NH50,Q8NH50,219453,,,
Q8NGG2,Q8NGG2,219464,,,
Q8NGG4,Q8NGG4,219469,,,
Q8NH51,Q8NH51,219473,,,
Q8NGP2,Q8NGP2,219477,,,
Q8NH85,Q8NH85,219479,,,
Q8NGP4,Q8NGP4,219482,,,
Q8NGP6,Q8NGP6,219484,,,
Q96RB7,Q96RB7,219487,,,
Q8NGP9,Q8NGP9,219493,,,
Q14517,Q14517,2195,,,
A0JLT2,A0JLT2,219541,,,
Q9NYQ8,Q9NYQ8,2196,,,
Q8IZJ1,Q8IZJ1,219699,,,
P35544,P35544,2197,,,
P17030,P17030,219749,,,
Q96KN9,Q96KN9,219770,,,
Q96M11,Q96M11,219844,,,
Q8TED4,Q8TED4,219855,,,
Q8NGG6,Q8NGG6,219858,,,
Q8NG78,Q8NG78,219865,,,
Q8NGN5,Q8NGN5,219869,,,
Q8NGN4,Q8NGN4,219870,,,
Q8NGN2,Q8NGN2,219873,,,
Q8NGN1,Q8NGN1,219874,,,
Q8NGN0,Q8NGN0,219875,,,
Q9Y3V7,Q9Y3V7,2199,,,
Q7Z2W9,Q7Z2W9,219927,,,
Q8NHX9,Q8NHX9,219931,,,
Q8NGQ2,Q8NGQ2,219952,,,
Q8NGQ6,Q8NGQ6,219954,,,
Q8NGQ5,Q8NGQ5,219956,,,
Q8NGE9,Q8NGE9,219957,,,
Q8NGQ3,Q8NGQ3,219958,,,
Q8NH92,Q8NH92,219959,,,
Q8NGQ4,Q8NGQ4,219960,,,
Q8NGF7,Q8NGF7,219965,,,
A6NL26,A6NL26,219968,,,
Q8NGI9,Q8NGI9,219981,,,
Q8NGJ0,Q8NGJ0,219982,,,
Q8NGJ1,Q8NGJ1,219983,,,
Q8NGI4,Q8NGI4,219986,,,
Q86TB9,Q86TB9,219988,,,
O75027,O75027,22,,,
P47895,P47895,220,,,
P35555,P35555,2200,,,
Q8NBI2,Q8NBI2,220002,,,
Q7Z5V6,Q7Z5V6,220004,,,
Q12805,Q12805,2202,,,
Q8N100,Q8N100,220202,,,
Q5VV17,Q5VV17,220213,,,
P09467,P09467,2203,,,
P24071,P24071,2204,,,
Q8N8N0,Q8N8N0,220441,,,
P12319,P12319,2205,,,
Q01362,Q01362,2206,,,
P30273,P30273,2207,,,
P06734,P06734,2208,,,
P12314,P12314,2209,,,
Q7RTY1,Q7RTY1,220963,,,
Q5T0T0,Q5T0T0,220972,,,
P51991,P51991,220988,,,
P43353,P43353,221,,,
X5DR89,X5DR89,221035,,,
Q15652,Q15652,221037,,,
Q504Y0,Q504Y0,221074,,,
Q96KC2,Q96KC2,221079,,,
Q96Q83,Q96Q83,221120,,,
Q8IZF4,Q8IZF4,221188,,,
P12318,P12318,2212,,,
Q6NT32,Q6NT32,221223,,,
Q5TCS8,Q5TCS8,221264,,,
P31994,P31994,2213,,,
Q7RTV2,Q7RTV2,221357,,,
Q6U736,Q6U736,221391,,,
Q8IZF3,Q8IZF3,221393,,,
Q8IZF2,Q8IZF2,221395,,,
P08637,P08637,2214,,,
O60522,O60522,221400,,,
Q6ZMV9,Q6ZMV9,221458,,,
Q7Z6J4,Q7Z6J4,221472,,,
O75015,O75015,2215,,,
Q96C00,Q96C00,221504,,,
Q9Y330,Q9Y330,221527,,,
Q96QV6,Q96QV6,221613,,,
Q8NB78,Q8NB78,221656,,,
Q8N6D2,Q8N6D2,221687,,,
Q6NSZ9,Q6NSZ9,221785,,,
P21108,P21108,221823,,,
Q3B726,Q3B726,221830,,,
Q8IXZ3,Q8IXZ3,221833,,,
Q86VZ6,Q86VZ6,221895,,,
O00602,O00602,2219,,,
Q8TAP8,Q8TAP8,221908,,,
Q8N158,Q8N158,221914,,,
P85037,P85037,221937,,,
Q8IY49,Q8IY49,221938,,,
Q8NCG7,Q8NCG7,221955,,,
P48448,P48448,222,,,
Q15485,Q15485,2220,,,
Q6IAX1,Q6IAX1,2222,,,
Q8NEE6,Q8NEE6,222235,,,
Q6IQ20,Q6IQ20,222236,,,
Q9ULK2,Q9ULK2,222255,,,
Q6ZTQ4,Q6ZTQ4,222256,,,
P14324,P14324,2224,,,
Q8N448,Q8N448,222484,,,
Q86Y34,Q86Y34,222487,,,
Q8IZT8,Q8IZT8,222537,,,
Q5T6X5,Q5T6X5,222545,,,
Q8HWS3,Q8HWS3,222546,,,
Q5T1Q4,Q5T1Q4,222553,,,
Q8IZF7,Q8IZF7,222611,,,
Q3MJ62,Q3MJ62,222696,,,
Q7RTT9,Q7RTT9,222962,,,
P49189,P49189,223,,,
Q8NHG8,Q8NHG8,223082,,,
O95025,O95025,223117,,,
P22570,P22570,2232,,,
Q7KZA3,Q7KZA3,2235,,,
Q6FHX6,Q6FHX6,2237,,,
O75487,O75487,2239,,,
P51648,P51648,224,,,
W0S1B5,W0S1B5,2241,,,
P07332,P07332,2242,,,
P02671,P02671,2243,,,
P02675,P02675,2244,,,
P98174,P98174,2245,,,
P05230,P05230,2246,,,
P09038,P09038,2247,,,
P11487,P11487,2248,,,
P08620,P08620,2249,,,
Q9UBJ2,Q9UBJ2,225,,,
Q8NBG6,Q8NBG6,2250,,,
P10767,P10767,2251,,,
P21781,P21781,2252,,,
A0A087X1S5,A0A087X1S5,2253,,,
P31371,P31371,2254,,,
O15520,O15520,2255,,,
Q92914,Q92914,2256,,,
Q8TD08,Q8TD08,225689,,,
P61328,P61328,2257,,,
Q92913,Q92913,2258,,,
Q92915,Q92915,2259,,,
V9HWN7,V9HWN7,226,,,
P11362,P11362,2260,,,
Q0IJ44,Q0IJ44,2261,,,
P78333,P78333,2262,,,
P21802,P21802,2263,,,
P22455,P22455,2264,,,
P02679,P02679,2266,,,
P78453,P78453,2268,,,
P07954,P07954,2271,,,
P49789,P49789,2272,,,
Q13642,Q13642,2273,,,
Q6I9R8,Q6I9R8,2274,,,
O43915,O43915,2277,,,
O15234,O15234,22794,,,
Q14112,Q14112,22795,,,
O14948,O14948,22797,,,
A4D0S4,A4D0S4,22798,,,
Q0VDC6,Q0VDC6,2280,,,
P62070,P62070,22800,,,
Q9UKX5,Q9UKX5,22801,,,
Q14CN2,Q14CN2,22802,,,
Q9H0D6,Q9H0D6,22803,,,
Q9UKT9,Q9UKT9,22806,,,
Q9UKS7,Q9UKS7,22807,,,
Q8WVM9,Q8WVM9,22808,,,
Q9Y2D1,Q9Y2D1,22809,,,
P68106,P68106,2281,,,
Q9Y678,Q9Y678,22820,,,
Q14644,Q14644,22821,,,
Q9Y483,Q9Y483,22823,,,
O95757,O95757,22824,,,
O75937,O75937,22826,,,
Q9UHX1,Q9UHX1,22827,,,
Q9UPN6,Q9UPN6,22828,,,
Q5TB80,Q5TB80,22832,,,
Q9Y2G7,Q9Y2G7,22835,,,
O94955,O94955,22836,,,
Q7L0R7,Q7L0R7,22838,,,
Q7L804,Q7L804,22841,,,
A7E2X1,A7E2X1,22843,,,
Q9UPQ8,Q9UPQ8,22845,,,
Q2M2I8,Q2M2I8,22848,,,
Q8NE35,Q8NE35,22849,,,
Q8IWU2,Q8IWU2,22853,,,
Q9Y2I2,Q9Y2I2,22854,,,
Q86X52,Q86X52,22856,,,
Q9UPZ9,Q9UPZ9,22858,,,
O94910,O94910,22859,,,
Q53XJ5,Q53XJ5,2286,,,
Q9C000,Q9C000,22861,,,
Q6ZNE5,Q6ZNE5,22863,,,
Q8WXI2,Q8WXI2,22866,,,
Q9NYY8,Q9NYY8,22868,,,
Q9Y2H8,Q9Y2H8,22869,,,
Q00688,Q00688,2287,,,
Q9UPN7,Q9UPN7,22870,,,
Q8N2Q7,Q8N2Q7,22871,,,
O94979,O94979,22872,,,
Q86YF9,Q86YF9,22873,,,
Q9Y6X5,Q9Y6X5,22875,,,
Q9HAP2,Q9HAP2,22877,,,
Q02790,Q02790,2288,,,
O94929,O94929,22885,,,
Q9UPW0,Q9UPW0,22887,,,
Q13451,Q13451,2289,,,
Q9Y2K1,Q9Y2K1,22890,,,
Q70YC5,Q70YC5,22891,,,
Q9Y2L1,Q9Y2L1,22894,,,
Q9UPV0,Q9UPV0,22897,,,
P05062,P05062,229,,,
P55316,P55316,2290,,,
Q9Y2G2,Q9Y2G2,22900,,,
Q96EG1,Q96EG1,22901,,,
Q9Y2F9,Q9Y2F9,22903,,,
O95208,O95208,22905,,,
Q9UPV9,Q9UPV9,22906,,,
Q7L2E3,Q7L2E3,22907,,,
Q9Y2M0,Q9Y2M0,22909,,,
Q9UKM9,Q9UKM9,22913,,,
P26718,P26718,22914,,,
P52298,P52298,22916,,,
Q9NPY3,Q9NPY3,22918,,,
Q15691,Q15691,22919,,,
Q9Y3D2,Q9Y3D2,22921,,,
Q9UPY8,Q9UPY8,22924,,,
Q13018,Q13018,22925,,,
P18850,P18850,22926,,,
Q5JVS0,Q5JVS0,22927,,,
Q99611,Q99611,22928,,,
P49903,P49903,22929,,,
Q15042,Q15042,22930,,,
Q9NP72,Q9NP72,22931,,,
Q8IXJ6,Q8IXJ6,22933,,,
P49247,P49247,22934,,,
Q7Z656,Q7Z656,22936,,,
Q13573,Q13573,22938,,,
Q12946,Q12946,2294,,,
Q9UPX8,Q9UPX8,22941,,,
O94907,O94907,22943,,,
O60870,O60870,22944,,,
V9HW37,V9HW37,22948,,,
Q14914,Q14914,22949,,,
Q12947,Q12947,2295,,,
Q9UBL9,Q9UBL9,22953,,,
Q13049,Q13049,22954,,,
Q96GD3,Q96GD3,22955,,,
W6CJ52,W6CJ52,2296,,,
Q16676,Q16676,2297,,,
Q9ULW0,Q9ULW0,22974,,,
Q6ZW49,Q6ZW49,22976,,,
O95154,O95154,22977,,,
P49902,P49902,22978,,,
Q12950,Q12950,2298,,,
Q9Y2I6,Q9Y2I6,22981,,,
Q9Y2H9,Q9Y2H9,22983,,,
Q14690,Q14690,22984,,,
Q9UKV3,Q9UKV3,22985,,,
B3KT41,B3KT41,22987,,,
Q9Y2K3,Q9Y2K3,22989,,,
Q12951,Q12951,2299,,,
Q9Y2K7,Q9Y2K7,22992,,,
Q9UPN4,Q9UPN4,22994,,,
Q3B7A2,Q3B7A2,22995,,,
Q86UR5,Q86UR5,22999,,,
Q8NE71,Q8NE71,23,,,
P09972,P09972,230,,,
Q498Y4,Q498Y4,2300,,,
Q9Y4D1,Q9Y4D1,23002,,,
Q4KWH8,Q4KWH8,23007,,,
Q13461,Q13461,2301,,,
Q9UL25,Q9UL25,23011,,,
Q9Y2H1,Q9Y2H1,23012,,,
Q8IUQ5,Q8IUQ5,23014,,,
Q15024,Q15024,23016,,,
A5YKK6,A5YKK6,23019,,,
Q92949,Q92949,2302,,,
O75643,O75643,23020,,,
Q9UPQ7,Q9UPQ7,23024,,,
Q9UPW8,Q9UPW8,23025,,,
Q9Y6X6,Q9Y6X6,23026,,,
O60341,O60341,23028,,,
P42696,P42696,23029,,,
Q99958,Q99958,2303,,,
O94953,O94953,23030,,,
O60307,O60307,23031,,,
Q8TEY7,Q8TEY7,23032,,,
Q6ZVD8,Q6ZVD8,23035,,,
Q8N5D0,Q8N5D0,23038,,,
Q9UIA9,Q9UIA9,23039,,,
O00358,O00358,2304,,,
Q9UKE5,Q9UKE5,23043,,,
Q2UVF0,Q2UVF0,23046,,,
Q9NTI5,Q9NTI5,23047,,,
Q96Q15,Q96Q15,23049,,,
Q08050,Q08050,2305,,,
O94919,O94919,23052,,,
Q14686,Q14686,23054,,,
Q9BZQ4,Q9BZQ4,23057,,,
Q96AJ1,Q96AJ1,23059,,,
O60548,O60548,2306,,,
Q9UJY4,Q9UJY4,23062,,,
Q7Z333,Q7Z333,23064,,,
Q9UPS6,Q9UPS6,23067,,,
O43638,O43638,2307,,,
Q8N1G2,Q8N1G2,23070,,,
Q9BS26,Q9BS26,23071,,,
Q76N89,Q76N89,23072,,,
Q14684,Q14684,23076,,,
O75592,O75592,23077,,,
Q12778,Q12778,2308,,,
Q9H3R0,Q9H3R0,23081,,,
Q5VV67,Q5VV67,23082,,,
G8JLD3,G8JLD3,23085,,,
E5RGB3,E5RGB3,23087,,,
O43524,O43524,2309,,,
Q6EMB2,Q6EMB2,23093,,,
O60292,O60292,23094,,,
O60333,O60333,23095,,,
Q5JU85,Q5JU85,23096,,,
Q9BWU1,Q9BWU1,23097,,,
O43298,O43298,23099,,,
P15121,P15121,231,,,
Q92552,Q92552,23107,,,
Q684P5,Q684P5,23108,,,
Q8N0X7,Q8N0X7,23111,,,
Q9UPQ9,Q9UPQ9,23112,,,
Q8IWT3,Q8IWT3,23113,,,
O94856,O94856,23114,,,
Q9NYJ8,Q9NYJ8,23118,,,
O75122,O75122,23122,,,
Q8IYK4,Q8IYK4,23127,,,
Q9Y4D7,Q9Y4D7,23129,,,
Q01543,Q01543,2313,,,
Q2TAZ0,Q2TAZ0,23130,,,
Q9Y4B4,Q9Y4B4,23132,,,
Q9UPP1,Q9UPP1,23133,,,
O15054,O15054,23135,,,
Q9Y2J2,Q9Y2J2,23136,,,
Q6P0Q8,Q6P0Q8,23139,,,
Q92564,Q92564,23142,,,
Q16655,Q16655,2315,,,
Q14141,Q14141,23157,,,
Q6NXF2,Q6NXF2,2316,,,
Q15061,Q15061,23160,,,
Q9Y5W8,Q9Y5W8,23161,,,
Q9UPT6,Q9UPT6,23162,,,
Q9NZ52,Q9NZ52,23163,,,
Q92621,Q92621,23165,,,
Q9NY15,Q9NY15,23166,,,
Q92541,Q92541,23168,,,
Q9NTN3,Q9NTN3,23169,,,
O75369,O75369,2317,,,
Q14166,Q14166,23170,,,
Q8N335,Q8N335,23171,,,
P53582,P53582,23173,,,
Q14693,Q14693,23175,,,
Q92599,Q92599,23176,,,
Q76N32,Q76N32,23177,,,
Q96RG2,Q96RG2,23178,,,
Q9NZL6,Q9NZL6,23179,,,
Q59H94,Q59H94,2318,,,
Q92615,Q92615,23185,,,
Q9UKL0,Q9UKL0,23186,,,
Q9BTI6,Q9BTI6,2319,,,
Q7L576,Q7L576,23191,,,
Q9Y4P1,Q9Y4P1,23192,,,
Q14697,Q14697,23193,,,
Q9UJT9,Q9UJT9,23194,,,
Q9NU22,Q9NU22,23195,,,
Q96CS3,Q96CS3,23197,,,
Q14997,Q14997,23198,,,
Q9Y2G3,Q9Y2G3,23200,,,
Q10713,Q10713,23203,,,
Q96GR2,Q96GR2,23205,,,
Q8IWE5,Q8IWE5,23207,,,
P17948,P17948,2321,,,
Q6NYC1,Q6NYC1,23210,,,
Q15050,Q15050,23212,,,
Q8IWU6,Q8IWU6,23213,,,
Q8NC59,Q8NC59,23216,,,
Q9NVF7,Q9NVF7,23219,,,
P36888,P36888,2322,,,
Q9Y2E6,Q9Y2E6,23220,,,
Q9BYZ6,Q9BYZ6,23221,,,
Q5JTH9,Q5JTH9,23223,,,
Q8WXH0,Q8WXH0,23224,,,
Q8TEM1,Q8TEM1,23225,,,
Q9UPR0,Q9UPR0,23228,,,
P49771,P49771,2323,,,
Q96RL7,Q96RL7,23230,,,
Q8WXX5,Q8WXX5,23234,,,
Q9H0K1,Q9H0K1,23235,,,
Q9NQ66,Q9NQ66,23236,,,
Q7LC44,Q7LC44,23237,,,
O60346,O60346,23239,,,
P35916,P35916,2324,,,
O75128,O75128,23242,,,
O15084,O15084,23243,,,
Q29RF7,Q29RF7,23244,,,
Q14137,Q14137,23246,,,
Q6PJ25,Q6PJ25,23250,,,
Q5T2D3,Q5T2D3,23252,,,
O94830,O94830,23259,,,
Q01740,Q01740,2326,,,
O43314,O43314,23262,,,
Q9UPT5,Q9UPT5,23265,,,
O95490,O95490,23266,,,
Q5JPC7,Q5JPC7,2327,,,
Q9UJ04,Q9UJ04,23270,,,
Q08AD1,Q08AD1,23271,,,
Q2KHT3,Q2KHT3,23274,,,
Q9Y2G5,Q9Y2G5,23275,,,
O94889,O94889,23276,,,
O75153,O75153,23277,,,
Q12769,Q12769,23279,,,
Q53FW5,Q53FW5,2328,,,
Q9H0L4,Q9H0L4,23283,,,
Q9HAR2,Q9HAR2,23284,,,
Q8IX03,Q8IX03,23286,,,
P31512,P31512,2329,,,
Q9UKB1,Q9UKB1,23291,,,
Q86US8,Q86US8,23293,,,
O60291,O60291,23295,,,
Q96FU2,Q96FU2,23299,,,
P49326,P49326,2330,,,
Q9NQT8,Q9NQT8,23303,,,
Q8IWV8,Q8IWV8,23304,,,
Q9UKU0,Q9UKU0,23305,,,
Q5T1M5,Q5T1M5,23307,,,
O75144,O75144,23308,,,
Q12833,Q12833,2331,,,
P42695,P42695,23310,,,
Q9Y2E8,Q9Y2E8,23315,,,
O14529,O14529,23316,,,
O75165,O75165,23317,,,
Q5TAX3,Q5TAX3,23318,,,
Q06787,Q06787,2332,,,
Q9C040,Q9C040,23321,,,
Q68CZ1,Q68CZ1,23322,,,
Q9Y2E5,Q9Y2E5,23324,,,
Q2M389,Q2M389,23325,,,
Q9UPT9,Q9UPT9,23326,,,
Q96PU5,Q96PU5,23327,,,
Q7Z460,Q7Z460,23332,,,
O15061,O15061,23336,,,
P51816,P51816,2334,,,
Q9Y2G8,Q9Y2G8,23341,,,
Q8NF91,Q8NF91,23345,,,
P02751,P02751,2335,,,
O15042,O15042,23350,,,
Q5T4S7,Q5T4S7,23352,,,
O94901,O94901,23353,,,
O94927,O94927,23354,,,
Q9UNK9,Q9UNK9,23357,,,
Q9UPU5,Q9UPU5,23358,,,
Q9NYI0,Q9NYI0,23362,,,
O75147,O75147,23363,,,
Q9NZN5,Q9NZN5,23365,,,
Q6PKG0,Q6PKG0,23367,,,
Q96KQ4,Q96KQ4,23368,,,
Q8TB72,Q8TB72,23369,,,
Q63HR2,Q63HR2,23371,,,
Q6UUV9,Q6UUV9,23373,,,
O43159,O43159,23378,,,
O75044,O75044,23380,,,
Q9UPR3,Q9UPR3,23381,,,
Q96HN2,Q96HN2,23382,,,
Q9Y6X3,Q9Y6X3,23383,,,
Q92542,Q92542,23385,,,
A1A5A9,A1A5A9,23387,,,
Q71F56,Q71F56,23389,,,
P49354,P49354,2339,,,
Q8IUH5,Q8IUH5,23390,,,
J3KN16,J3KN16,23392,,,
Q15031,Q15031,23395,,,
O60331,O60331,23396,,,
Q15003,Q15003,23397,,,
Q96BP3,Q96BP3,23398,,,
O95476,O95476,23399,,,
Q9NQ11,Q9NQ11,23400,,,
O75474,O75474,23401,,,
Q6PJ61,Q6PJ61,23403,,,
Q13868,Q13868,23404,,,
Q9UPY3,Q9UPY3,23405,,,
Q9NXA8,Q9NXA8,23408,,,
Q9Y6E7,Q9Y6E7,23409,,,
Q9NTG7,Q9NTG7,23410,,,
Q96EB6,Q96EB6,23411,,,
Q9NPQ0,Q9NPQ0,23414,,,
Q9UQ05,Q9UQ05,23415,,,
Q9ULD8,Q9ULD8,23416,,,
O95822,O95822,23417,,,
P82279,P82279,23418,,,
P49356,P49356,2342,,,
Q13352,Q13352,23421,,,
Q8NHU6,Q8NHU6,23424,,,
Q9UHI5,Q9UHI5,23428,,,
Q8N488,Q8N488,23429,,,
Q9BZJ3,Q9BZJ3,23430,,,
Q9UPM8,Q9UPM8,23431,,,
Q8N6U8,Q8N6U8,23432,,,
V9HWD0,V9HWD0,23433,,,
P08861,P08861,23436,,,
P49590,P49590,23438,,,
Q9UN42,Q9UN42,23439,,,
Q9Y2D2,Q9Y2D2,23443,,,
Q8WWI5,Q8WWI5,23446,,,
Q15393,Q15393,23450,,,
B4DGZ4,B4DGZ4,23451,,,
Q9NRK6,Q9NRK6,23456,,,
Q9NP78,Q9NP78,23457,,,
Q04609,Q04609,2346,,,
Q8N139,Q8N139,23460,,,
Q8WWZ7,Q8WWZ7,23461,,,
Q9Y5J3,Q9Y5J3,23462,,,
O60725,O60725,23463,,,
O75600,O75600,23464,,,
O95503,O95503,23466,,,
V9HWG0,V9HWG0,23468,,,
Q6FHL3,Q6FHL3,23471,,,
Q9Y6W3,Q9Y6W3,23473,,,
O95571,O95571,23474,,,
V9HWJ5,V9HWJ5,23475,,,
O60885,O60885,23476,,,
P67812,P67812,23478,,,
P15328,P15328,2348,,,
P60059,P60059,23480,,,
O00541,O00541,23481,,,
O95455,O95455,23483,,,
Q6UWW8,Q6UWW8,23491,,,
O95931,O95931,23492,,,
Q9UBP5,Q9UBP5,23493,,,
Q4ACX1,Q4ACX1,23495,,,
P46952,P46952,23498,,,
P14207,P14207,2350,,,
Q86T65,Q86T65,23500,,,
Q68DK2,Q68DK2,23503,,,
O15034,O15034,23504,,,
Q9H488,Q9H488,23509,,,
Q5SRE5,Q5SRE5,23511,,,
Q15022,Q15022,23512,,,
Q14160,Q14160,23513,,,
Q15043,Q15043,23516,,,
Q3MHC9,Q3MHC9,23517,,,
O95626,O95626,23519,,,
P41439,P41439,2352,,,
O43423,O43423,23520,,,
Q8J015,Q8J015,23521,,,
Q8WYB5,Q8WYB5,23522,,,
Q9Y6J0,Q9Y6J0,23523,,,
Q9UQ35,Q9UQ35,23524,,,
Q15057,Q15057,23527,,,
Q9UBD9,Q9UBD9,23529,,,
Q6FG41,Q6FG41,2353,,,
Q13423,Q13423,23530,,,
Q15546,Q15546,23531,,,
Q8WYR1,Q8WYR1,23533,,,
Q9Y5L0,Q9Y5L0,23534,,,
Q9BUB4,Q9BUB4,23536,,,
Q9UKL2,Q9UKL2,23538,,,
O95907,O95907,23539,,,
P53539,P53539,2354,,,
Q13387,Q13387,23542,,,
O43251,O43251,23543,,,
Q9Y487,Q9Y487,23545,,,
P59901,P59901,23547,,,
Q9ULA0,Q9ULA0,23549,,,
Q9H5M2,Q9H5M2,2355,,,
Q8NDX1,Q8NDX1,23550,,,
Q96D21,Q96D21,23551,,,
Q8IZL9,Q8IZL9,23552,,,
Q2M3T9,Q2M3T9,23553,,,
O95859,O95859,23554,,,
O95858,O95858,23555,,,
O95427,O95427,23556,,,
Q05932,Q05932,2356,,,
Q9BZE4,Q9BZE4,23560,,,
O95500,O95500,23562,,,
Q9GZS9,Q9GZS9,23563,,,
V9HW53,V9HW53,23564,,,
Q9UBY5,Q9UBY5,23566,,,
Q9Y2Y0,Q9Y2Y0,23568,,,
Q9UM07,Q9UM07,23569,,,
P21462,P21462,2357,,,
O94760,O94760,23576,,,
P25090,P25090,2358,,,
P31944,P31944,23581,,,
Q53HV7,Q53HV7,23583,,,
O95786,O95786,23586,,,
Q6L5J4,Q6L5J4,2359,,,
Q5T2R2,Q5T2R2,23590,,,
Q9Y2U8,Q9Y2U8,23592,,,
Q9Y5N6,Q9Y5N6,23594,,,
Q9UBD5,Q9UBD5,23595,,,
Q9H1Y3,Q9H1Y3,23596,,,
Q9Y305,Q9Y305,23597,,,
Q9UHK6,Q9UHK6,23600,,,
Q14DL9,Q14DL9,23601,,,
Q9ULV4,Q9ULV4,23603,,,
Q9UIK4,Q9UIK4,23604,,,
Q9Y5K6,Q9Y5K6,23607,,,
Q9UHC7,Q9UHC7,23608,,,
Q9H000,Q9H000,23609,,,
Q96PF2,Q96PF2,23617,,,
Q9NZV7,Q9NZV7,23619,,,
O95665,O95665,23620,,,
Q5W9H2,Q5W9H2,23621,,,
Q9ULV8,Q9ULV8,23624,,,
Q9Y5K1,Q9Y5K1,23626,,,
Q9UJ90,Q9UJ90,23630,,,
Q9ULX7,Q9ULX7,23632,,,
P37198,P37198,23636,,,
Q9NZL4,Q9NZL4,23640,,,
Q9Y6Y9,Q9Y6Y9,23643,,,
Q6P2E9,Q6P2E9,23644,,,
O75807,O75807,23645,,,
Q8IV08,Q8IV08,23646,,,
Q14181,Q14181,23649,,,
Q14134,Q14134,23650,,,
O15031,O15031,23654,,,
Q9UPY5,Q9UPY5,23657,,,
Q9Y4Y9,Q9Y4Y9,23658,,,
Q8NCC3,Q8NCC3,23659,,,
Q9Y2L8,Q9Y2L8,23660,,,
Q86Y82,Q86Y82,23673,,,
Q96BR1,Q96BR1,23678,,,
P57729,P57729,23682,,,
O94806,O94806,23683,,,
Q8WWG9,Q8WWG9,23704,,,
Q9BY67,Q9BY67,23705,,,
Q8IYD1,Q8IYD1,23708,,,
Q9H0R8,Q9H0R8,23710,,,
Q9UHJ6,Q9UHJ6,23729,,,
Q9NZN9,Q9NZN9,23746,,,
Q13356,Q13356,23759,,,
Q9UG56,Q9UG56,23761,,,
Q9ULX9,Q9ULX9,23764,,,
Q96F46,Q96F46,23765,,,
Q9NZU0,Q9NZU0,23767,,,
O43155,O43155,23768,,,
Q9NZU1,Q9NZU1,23769,,,
Q14318,Q14318,23770,,,
Q59G93,Q59G93,23774,,,
Q9BQE5,Q9BQE5,23780,,,
Q6S545,Q6S545,23784,,,
A0A087WX97,A0A087WX97,23786,,,
Q9NZJ7,Q9NZJ7,23787,,,
Q9Y6C9,Q9Y6C9,23788,,,
Q9UM73,Q9UM73,238,,,
P18054,P18054,239,,,
Q16595,Q16595,2395,,,
Q6AI28,Q6AI28,24,,,
P09917,P09917,240,,,
Q59HG1,Q59HG1,24137,,,
O95834,O95834,24139,,,
Q9UET6,Q9UET6,24140,,,
Q9UBB9,Q9UBB9,24144,,,
Q96RD7,Q96RD7,24145,,,
P56746,P56746,24146,,,
Q86VR8,Q86VR8,24147,,,
O94906,O94906,24148,,,
O75342,O75342,242,,,
P42685,P42685,2444,,,
Q5MJ70,Q5MJ70,245711,,,
Q8N8Y2,Q8N8Y2,245972,,,
Q8NEY4,Q8NEY4,245973,,,
P16050,P16050,246,,,
Q96LI5,Q96LI5,246175,,,
Q8NHZ8,Q8NHZ8,246184,,,
Q8NDX2,Q8NDX2,246213,,,
O60930,O60930,246243,,,
Q8WV93,Q8WV93,246269,,,
Q8N2H9,Q8N2H9,246330,,,
Q9GZM3,Q9GZM3,246721,,,
O15296,O15296,247,,,
P42345,P42345,2475,,,
P09923,P09923,248,,,
Q14331,Q14331,2483,,,
P01225,P01225,2488,,,
P05186,P05186,249,,,
Q92674,Q92674,2491,,,
P23945,P23945,2492,,,
O00482,O00482,2494,,,
P02794,P02794,2495,,,
Q59FK4,Q59FK4,25,,,
P05187,P05187,250,,,
P10696,P10696,251,,,
P02792,P02792,2512,,,
Q99965,Q99965,2515,,,
Q13285,Q13285,2516,,,
P04066,P04066,2517,,,
Q9BTY2,Q9BTY2,2519,,,
P01350,P01350,2520,,,
P35637,P35637,2521,,,
Q6IZA2,Q6IZA2,2523,,,
Q10981,Q10981,2524,,,
P21217,P21217,2525,,,
P22083,P22083,2526,,,
Q11128,Q11128,2527,,,
Q6P7E6,Q6P7E6,2528,,,
Q96N95,Q96N95,252884,,,
Q11130,Q11130,2529,,,
Q969S2,Q969S2,252969,,,
Q6ZWJ1,Q6ZWJ1,252983,,,
Q9BYC5,Q9BYC5,2530,,,
Q06136,Q06136,2531,,,
Q9Y6F8,Q9Y6F8,253175,,,
Q5Y7A1,Q5Y7A1,2532,,,
Q6R327,Q6R327,253260,,,
O15117,O15117,2533,,,
A6NMX2,A6NMX2,253314,,,
P06241,P06241,2534,,,
Q8NFU5,Q8NFU5,253430,,,
Q9H6F0,Q9H6F0,253461,,,
Q86UZ8,Q86UZ8,2535,,,
Q5SVS4,Q5SVS4,253512,,,
Q6UWP7,Q6UWP7,253558,,,
Q8N3J6,Q8N3J6,253559,,,
Q6ZNG0,Q6ZNG0,253639,,,
Q9Y4E1,Q9Y4E1,253725,,,
Q9H4W6,Q9H4W6,253738,,,
Q6ZMG9,Q6ZMG9,253782,,,
P35575,P35575,2538,,,
Q8IXL7,Q8IXL7,253827,,,
Q5W0Z9,Q5W0Z9,253832,,,
P11413,P11413,2539,,,
Q8WZ19,Q8WZ19,253980,,,
Q6UB28,Q6UB28,254042,,,
Q6ZU65,Q6ZU65,254048,,,
Q6RI45,Q6RI45,254065,,,
Q86XE0,Q86XE0,254122,,,
Q7Z6M2,Q7Z6M2,254170,,,
O43826,O43826,2542,,,
Q6UX98,Q6UX98,254359,,,
Q9NXL9,Q9NXL9,254394,,,
Q8IVJ1,Q8IVJ1,254428,,,
Q643R3,Q643R3,254531,,,
Q8WV74,Q8WV74,254552,,,
P12956,P12956,2547,,,
A6NCV1,A6NCV1,254783,,,
Q9NZP0,Q9NZP0,254786,,,
P10253,P10253,2548,,,
Q58DX5,Q58DX5,254827,,,
Q8NHC8,Q8NHC8,254879,,,
Q8IYP9,Q8IYP9,254887,,,
Q9HA84,Q9HA84,2549,,,
Q8NGR5,Q8NGR5,254973,,,
Q9UBS5,Q9UBS5,2550,,,
Q2QL34,Q2QL34,255027,,,
Q8N661,Q8N661,255043,,,
Q86UU9,Q86UU9,255061,,,
Q06546,Q06546,2551,,,
Q68DD2,Q68DD2,255189,,,
Q8IZK6,Q8IZK6,255231,,,
Q8NFD2,Q8NFD2,255239,,,
Q06547,Q06547,2553,,,
P14867,P14867,2554,,,
Q658L4,Q658L4,255403,,,
Q7Z419,Q7Z419,255488,,,
P47869,P47869,2555,,,
P34903,P34903,2556,,,
Q96A08,Q96A08,255626,,,
Q17RW2,Q17RW2,255631,,,
X5D7F5,X5D7F5,2557,,,
Q96RD2,Q96RD2,255725,,,
Q8NBP7,Q8NBP7,255738,,,
Q6UXI9,Q6UXI9,255743,,,
P31644,P31644,2558,,,
Q16445,Q16445,2559,,,
A1L3Y1,A1L3Y1,255928,,,
Q58A45,Q58A45,255967,,,
X5DNL6,X5DNL6,2560,,,
Q6P9A3,Q6P9A3,256051,,,
A8TX70,A8TX70,256076,,,
P47870,P47870,2561,,,
Q6PIF2,Q6PIF2,256126,,,
Q8NH37,Q8NH37,256144,,,
Q8NGB4,Q8NGB4,256148,,,
P28472,P28472,2562,,,
O95848,O95848,256281,,,
Q7RTS3,Q7RTS3,256297,,,
O14764,O14764,2563,,,
Q8N6N6,Q8N6N6,256302,,,
Q6ZS86,Q6ZS86,256356,,,
Q32P44,Q32P44,256364,,,
Q8N228,Q8N228,256380,,,
Q86U17,Q86U17,256394,,,
P78334,P78334,2564,,,
Q8NDV1,Q8NDV1,256435,,,
Q8NHS3,Q8NHS3,256471,,,
Q8N1C3,Q8N1C3,2565,,,
P18507,P18507,2566,,,
Q99928,Q99928,2567,,,
O00591,O00591,2568,,,
A6NLW9,A6NLW9,256892,,,
P24046,P24046,2569,,,
Q8NG41,Q8NG41,256933,,,
O95076,O95076,257,,,
P28476,P28476,2570,,,
Q86XM0,Q86XM0,257062,,,
Q99259,Q99259,2571,,,
Q7Z3B1,Q7Z3B1,257194,,,
Q5VZ30,Q5VZ30,2572,,,
P59796,P59796,257202,,,
Q149N8,Q149N8,257218,,,
Q8N239,Q8N239,257240,,,
Q8WV41,Q8WV41,257364,,,
Q8N5C8,Q8N5C8,257397,,,
P98077,P98077,25759,,,
Q6NWY9,Q6NWY9,25766,,,
Q9UI40,Q9UI40,25769,,,
Q9UH99,Q9UH99,25777,,,
Q6XUX3,Q6XUX3,25778,,,
Q8IV61,Q8IV61,25780,,,
O95073,O95073,25788,,,
Q8N5V2,Q8N5V2,25791,,,
Q9Y3I1,Q9Y3I1,25793,,,
O14926,O14926,25794,,,
O95336,O95336,25796,,,
Q16769,Q16769,25797,,,
O75467,O75467,25799,,,
O14976,O14976,2580,,,
Q13433,Q13433,25800,,,
Q8NHG7,Q8NHG7,258010,,,
O95238,O95238,25803,,,
U3KQK1,U3KQK1,25804,,,
Q13145,Q13145,25805,,,
Q9UIW0,Q9UIW0,25806,,,
O95922,O95922,25809,,,
P54803,P54803,2581,,,
Q9Y512,Q9Y512,25813,,,
Q9UBB4,Q9UBB4,25814,,,
Q9Y337,Q9Y337,25818,,,
Q9UK39,Q9UK39,25819,,,
Q14376,Q14376,2582,,,
Q9Y4X5,Q9Y4X5,25820,,,
Q9Y2Z2,Q9Y2Z2,25821,,,
O75953,O75953,25822,,,
Q9NRR2,Q9NRR2,25823,,,
P30044,P30044,25824,,,
Q9Y5Z0,Q9Y5Z0,25825,,,
Q9UKC9,Q9UKC9,25827,,,
Q99757,Q99757,25828,,,
Q00973,Q00973,2583,,,
Q9BR01,Q9BR01,25830,,,
Q9ULT8,Q9ULT8,25831,,,
Q9UKI9,Q9UKI9,25833,,,
Q9UBM8,Q9UBM8,25834,,,
Q6KC79,Q6KC79,25836,,,
Q9ULW5,Q9ULW5,25837,,,
V9HWE7,V9HWE7,2584,,,
Q8N961,Q8N961,25841,,,
Q9Y294,Q9Y294,25842,,,
Q9BS18,Q9BS18,25847,,,
Q01415,Q01415,2585,,,
Q7Z6L1,Q7Z6L1,25851,,,
Q5T6F0,Q5T6F0,25853,,,
G5E9I4,G5E9I4,25855,,,
Q70CQ1,Q70CQ1,25862,,,
Q9BUJ0,Q9BUJ0,25864,,,
Q9BZL6,Q9BZL6,25865,,,
P47211,P47211,2587,,,
Q9Y3U8,Q9Y3U8,25873,,,
Q9NV06,Q9NV06,25879,,,
Q96I49,Q96I49,2588,,,
Q6WN34,Q6WN34,25884,,,
Q9H6T2,Q9H6T2,25885,,,
Q8NBT0,Q8NBT0,25886,,,
Q8WTR7,Q8WTR7,25888,,,
Q10472,Q10472,2589,,,
Q8NG06,Q8NG06,25893,,,
Q9NVH2,Q9NVH2,25896,,,
Q9NV58,Q9NV58,25897,,,
Q96PM5,Q96PM5,25898,,,
Q10471,Q10471,2590,,,
Q6UB35,Q6UB35,25902,,,
Q9H9A5,Q9H9A5,25904,,,
Q14435,Q14435,2591,,,
Q9NUX5,Q9NUX5,25913,,,
Q86VV8,Q86VV8,25914,,,
Q9Y3Z0,Q9Y3Z0,25915,,,
Q05D23,Q05D23,259197,,,
P07902,P07902,2592,,,
Q8WX92,Q8WX92,25920,,,
Q9C0B5,Q9C0B5,25921,,,
Q6DD88,Q6DD88,25923,,,
Q86VZ5,Q86VZ5,259230,,,
W8W3P5,W8W3P5,259249,,,
Q8IZT6,Q8IZT6,259266,,,
P59534,P59534,259285,,,
P59535,P59535,259286,,,
P59536,P59536,259287,,,
P59537,P59537,259289,,,
Q8TEQ6,Q8TEQ6,25929,,,
P59538,P59538,259290,,,
P59540,P59540,259292,,,
P59541,P59541,259293,,,
P59542,P59542,259294,,,
P59543,P59543,259295,,,
P59544,P59544,259296,,,
V9HWB2,V9HWB2,2593,,,
Q9H3S7,Q9H3S7,25930,,,
Q96RQ9,Q96RQ9,259307,,,
Q9Y696,Q9Y696,25932,,,
Q96IY1,Q96IY1,25936,,,
Q9GZV5,Q9GZV5,25937,,,
Q68CL5,Q68CL5,25941,,,
Q96ST3,Q96ST3,25942,,,
Q9NQS3,Q9NQS3,25945,,,
Q8IY47,Q8IY47,25948,,,
O95926,O95926,25949,,,
H3BN99,H3BN99,2595,,,
Q9NQW1,Q9NQW1,25956,,,
Q8TF01,Q8TF01,25957,,,
Q96PE1,Q96PE1,25960,,,
P04406,P04406,2597,,,
Q9NRF2,Q9NRF2,25970,,,
Q7L3T8,Q7L3T8,25973,,,
Q9Y4U1,Q9Y4U1,25974,,,
Q7Z3E1,Q7Z3E1,25976,,,
Q9UQN3,Q9UQN3,25978,,,
Q6IAN0,Q6IAN0,25979,,,
Q9Y312,Q9Y312,25980,,,
Q9P2D7,Q9P2D7,25981,,,
Q8NEJ9,Q8NEJ9,25983,,,
Q9C075,Q9C075,25984,,,
Q8WUA8,Q8WUA8,25987,,,
Q6PHR2,Q6PHR2,25989,,,
Q9Y3B8,Q9Y3B8,25996,,,
Q96DZ5,Q96DZ5,25999,,,
P19801,P19801,26,,,
Q9H6Y7,Q9H6Y7,26001,,,
Q4AC94,Q4AC94,26005,,,
Q3LXA3,Q3LXA3,26007,,,
Q9Y421,Q9Y421,26017,,,
Q9HAU5,Q9HAU5,26019,,,
O75127,O75127,26024,,,
O60330,O60330,26025,,,
Q8WXI4,Q8WXI4,26027,,,
Q8N118,Q8N118,260293,,,
O94923,O94923,26035,,,
O43166,O43166,26037,,,
Q8TDI0,Q8TDI0,26038,,,
Q5TCQ9,Q5TCQ9,260425,,,
Q8NF86,Q8NF86,260429,,,
Q8WXC3,Q8WXC3,260434,,,
O43300,O43300,26045,,,
Q9UHC6,Q9UHC6,26047,,,
O60304,O60304,26048,,,
Q96T49,Q96T49,26051,,,
Q9UQ16,Q9UQ16,26052,,,
Q9GZR1,Q9GZR1,26054,,,
Q9UFM0,Q9UFM0,26056,,,
O75179,O75179,26057,,,
Q6Y7W6,Q6Y7W6,26058,,,
Q9UKG1,Q9UKG1,26060,,,
Q9UJ83,Q9UJ83,26061,,,
Q9NUI1,Q9NUI1,26063,,,
Q8ND56,Q8ND56,26065,,,
Q9Y2S7,Q9Y2S7,26073,,,
Q96DR7,Q96DR7,26084,,,
Q9UKR3,Q9UKR3,26085,,,
Q86YR5,Q86YR5,26086,,,
Q9UJY5,Q9UJY5,26088,,,
Q8N2K0,Q8N2K0,26090,,,
Q5GLZ8,Q5GLZ8,26091,,,
Q8WV16,Q8WV16,26094,,,
Q4JDL3,Q4JDL3,26095,,,
Q9Y4P8,Q9Y4P8,26100,,,
Q9Y6I7,Q9Y6I7,26118,,,
Q5SW96,Q5SW96,26119,,,
Q8WWY3,Q8WWY3,26121,,,
Q52LR7,Q52LR7,26122,,,
Q6NUS6,Q6NUS6,26123,,,
Q8TEL6,Q8TEL6,26133,,,
Q8NC51,Q8NC51,26135,,,
Q9HC78,Q9HC78,26137,,,
Q9Y4R7,Q9Y4R7,26140,,,
Q8TDR0,Q8TDR0,26146,,,
Q5T6S3,Q5T6S3,26147,,,
Q5TYW1,Q5TYW1,26149,,,
Q9Y3M9,Q9Y3M9,26152,,,
Q9ULI4,Q9ULI4,26153,,,
Q86UK0,Q86UK0,26154,,,
Q9Y3T9,Q9Y3T9,26155,,,
O76021,O76021,26156,,,
Q9UG01,Q9UG01,26160,,,
Q9H4K7,Q9H4K7,26164,,,
Q9Y5E4,Q9Y5E4,26167,,,
Q9H4L4,Q9H4L4,26168,,,
P41250,P41250,2617,,,
O75663,O75663,261726,,,
Q8NFT2,Q8NFT2,261729,,,
Q8N201,Q8N201,26173,,,
O75161,O75161,261734,,,
P22102,P22102,2618,,,
Q15619,Q15619,26188,,,
Q9Y585,Q9Y585,26189,,,
P54826,P54826,2619,,,
Q9UKT8,Q9UKT8,26190,,,
Q9Y2R2,Q9Y2R2,26191,,,
B4DZ60,B4DZ60,262,,,
Q14393,Q14393,2621,,,
Q13607,Q13607,26211,,,
P58173,P58173,26212,,,
Q8NGS1,Q8NGS1,26219,,,
Q9UKT6,Q9UKT6,26223,,,
Q9UKT7,Q9UKT7,26224,,,
Q9Y689,Q9Y689,26225,,,
O43175,O43175,26227,,,
Q5U676,Q5U676,26229,,,
P15976,P15976,2623,,,
Q8IVF5,Q8IVF5,26230,,,
Q8WV35,Q8WV35,26231,,,
Q9UK22,Q9UK22,26232,,,
Q8N531,Q8N531,26233,,,
Q9UKA1,Q9UKA1,26234,,,
Q9UKA2,Q9UKA2,26235,,,
P23769,P23769,2624,,,
Q9Y247,Q9Y247,26240,,,
Q96R27,Q96R27,26245,,,
Q8NH16,Q8NH16,26246,,,
Q8NGT1,Q8NGT1,26248,,,
Q9UH77,Q9UH77,26249,,,
P23771,P23771,2625,,,
Q9UJ96,Q9UJ96,26251,,,
Q9ULY5,Q9ULY5,26253,,,
Q9UBM4,Q9UBM4,26254,,,
O15522,O15522,26257,,,
Q8N3Y1,Q8N3Y1,26259,,,
P43694,P43694,2626,,,
Q8TCJ0,Q8TCJ0,26260,,,
O75426,O75426,26261,,,
Q96FV3,Q96FV3,26262,,,
Q8NEZ5,Q8NEZ5,26263,,,
Q9UKG4,Q9UKG4,26266,,,
Q9UK96,Q9UK96,26267,,,
Q9UK97,Q9UK97,26268,,,
Q9NRD0,Q9NRD0,26269,,,
Q92908,Q92908,2627,,,
Q9NRD1,Q9NRD1,26270,,,
Q9UKT4,Q9UKT4,26271,,,
D6RAJ6,D6RAJ6,26272,,,
Q9UK99,Q9UK99,26273,,,
Q6NVY1,Q6NVY1,26275,,,
Q9BSI4,Q9BSI4,26277,,,
Q9UNK4,Q9UNK4,26279,,,
P50440,P50440,2628,,,
Q9NP60,Q9NP60,26280,,,
Q9NP95,Q9NP95,26281,,,
P56750,P56750,26285,,,
Q9NP61,Q9NP61,26286,,,
Q9Y6K8,Q9Y6K8,26289,,,
P04062,P04062,2629,,,
Q9NY28,Q9NY28,26290,,,
Q9NSA1,Q9NSA1,26291,,,
Q9UGK8,Q9UGK8,26297,,,
Q9NZC4,Q9NZC4,26298,,,
Q8N5D6,Q8N5D6,26301,,,
Q59ET0,Q59ET0,2632,,,
O14556,O14556,26330,,,
O14581,O14581,26333,,,
Q8NGL0,Q8NGL0,26338,,,
Q8NHB7,Q8NHB7,26339,,,
A6NKK0,A6NKK0,26341,,,
Q9UJY1,Q9UJY1,26353,,,
Q9BVP2,Q9BVP2,26354,,,
Q14549,Q14549,2636,,,
F8VY47,F8VY47,2637,,,
P02774,P02774,2638,,,
Q92947,Q92947,2639,,,
P01275,P01275,2641,,,
P47871,P47871,2642,,,
P30793,P30793,2643,,,
Q53Y25,Q53Y25,2645,,,
Q9UPM6,Q9UPM6,26468,,,
Q99952,Q99952,26469,,,
O60356,O60356,26471,,,
Q96C90,Q96C90,26472,,,
P30954,P30954,26476,,,
Q92830,Q92830,2648,,,
Q15406,Q15406,2649,,,
Q6IF36,Q6IF36,26492,,,
Q15620,Q15620,26493,,,
Q15617,Q15617,26494,,,
P58181,P58181,26496,,,
Q86T81,Q86T81,2650,,,
Q9NRA2,Q9NRA2,26503,,,
Q6P4Q7,Q6P4Q7,26504,,,
Q8NE01,Q8NE01,26505,,,
Q9NRU3,Q9NRU3,26507,,,
Q9NQ87,Q9NQ87,26508,,,
Q8NFS9,Q8NFS9,2651,,,
Q9UL03,Q9UL03,26512,,,
Q9Y5J6,Q9Y5J6,26515,,,
Q9Y5L4,Q9Y5L4,26517,,,
P62072,P62072,26519,,,
P04001,P04001,2652,,,
Q9Y5J7,Q9Y5J7,26520,,,
Q9Y5J9,Q9Y5J9,26521,,,
Q9UL18,Q9UL18,26523,,,
Q9NRM7,Q9NRM7,26524,,,
Q9UBH0,Q9UBH0,26525,,,
Q9UKR8,Q9UKR8,26526,,,
Q96EP5,Q96EP5,26528,,,
P58182,P58182,26529,,,
P23434,P23434,2653,,,
Q9GZK7,Q9GZK7,26531,,,
O60404,O60404,26532,,,
Q8NGC4,Q8NGC4,26533,,,
O60403,O60403,26538,,,
Q9Y4A9,Q9Y4A9,26539,,,
Q9UKP3,Q9UKP3,26548,,,
P27539,P27539,2657,,,
Q9NY61,Q9NY61,26574,,,
Q9UGC6,Q9UGC6,26575,,,
Q9UPE1,Q9UPE1,26576,,,
Q9UK05,Q9UK05,2658,,,
Q96G97,Q96G97,26580,,,
Q8WWK9,Q8WWK9,26586,,,
Q9H2W6,Q9H2W6,26589,,,
Q96RD0,Q96RD0,26595,,,
Q53S46,Q53S46,2660,,,
O60383,O60383,2661,,,
Q96EB1,Q96EB1,26610,,,
Q8N6T2,Q8N6T2,2662,,,
P31150,P31150,2664,,,
Q6IFN5,Q6IFN5,26648,,,
Q6IAT1,Q6IAT1,2665,,,
O60412,O60412,26658,,,
Q15622,Q15622,26659,,,
O76099,O76099,26664,,,
Q8NFU0,Q8NFU0,266675,,,
Q8IZP7,Q8IZP7,266722,,,
P39905,P39905,2668,,,
Q96NT1,Q96NT1,266812,,,
Q96R69,Q96R69,26682,,,
Q6IEY1,Q6IEY1,26683,,,
Q15615,Q15615,26689,,,
P55040,P55040,2669,,,
Q9Y3N9,Q9Y3N9,26692,,,
Q8NHB1,Q8NHB1,26693,,,
O43869,O43869,26696,,,
Q5T601,Q5T601,266977,,,
Q9UKV5,Q9UKV5,267,,,
P14136,P14136,2670,,,
O76002,O76002,26707,,,
P55789,P55789,2671,,,
Q9GZK4,Q9GZK4,26716,,,
Q99684,Q99684,2672,,,
Q06210,Q06210,2673,,,
Q8NH93,Q8NH93,26735,,,
Q8NH94,Q8NH94,26737,,,
Q8NGS2,Q8NGS2,26740,,,
P38435,P38435,2677,,,
P19440,P19440,2678,,,
P03971,P03971,268,,,
P15291,P15291,2683,,,
Q9UJ14,Q9UJ14,2686,,,
P36269,P36269,2687,,,
Q9UHE8,Q9UHE8,26872,,,
O14841,O14841,26873,,,
P01241,P01241,2688,,,
P01242,P01242,2689,,,
Q16671,Q16671,269,,,
P10912,P10912,2690,,,
P01286,P01286,2691,,,
Q02643,Q02643,2692,,,
Q92847,Q92847,2693,,,
P27352,P27352,2694,,,
P09681,P09681,2695,,,
Q9UBF2,Q9UBF2,26958,,,
P48546,P48546,2696,,,
P17302,P17302,2697,,,
Q9UHD1,Q9UHD1,26973,,,
Q96NJ3,Q96NJ3,26974,,,
Q96IW7,Q96IW7,26984,,,
Q9Y2T2,Q9Y2T2,26985,,,
P11940,P11940,26986,,,
Q9ULX6,Q9ULX6,26993,,,
Q9Y3C5,Q9Y3C5,26994,,,
Q9UJ42,Q9UJ42,26996,,,
Q96F07,Q96F07,26999,,,
P42684,P42684,27,,,
P23109,P23109,270,,,
Q9Y6H8,Q9Y6H8,2700,,,
Q99543,Q99543,27000,,,
Q9UK80,Q9UK80,27005,,,
K7ELB9,K7ELB9,27006,,,
P35212,P35212,2701,,,
Q9H3S4,Q9H3S4,27010,,,
Q6PIU1,Q6PIU1,27012,,,
Q9UI46,Q9UI46,27019,,,
X5D2H9,X5D2H9,2702,,,
Q9UJU5,Q9UJU5,27022,,,
Q99853,Q99853,27023,,,
X5D7G1,X5D7G1,2703,,,
Q9UHC1,Q9UHC1,27030,,,
Q7Z494,Q7Z494,27031,,,
P98194,P98194,27032,,,
Q9Y2Y4,Q9Y2Y4,27033,,,
Q9UKU7,Q9UKU7,27034,,,
Q9Y5S8,Q9Y5S8,27035,,,
Q9Y286,Q9Y286,27036,,,
Q8IZ69,Q8IZ69,27037,,,
Q9NZM6,Q9NZM6,27039,,,
O43561,O43561,27040,,,
Q68CQ4,Q68CQ4,27042,,,
Q8IZL8,Q8IZL8,27043,,,
Q7KZF4,Q7KZF4,27044,,,
P08034,P08034,2705,,,
P29033,P29033,2706,,,
Q9NUL3,Q9NUL3,27067,,,
Q9H2U2,Q9H2U2,27068,,,
O75712,O75712,2707,,,
Q9UN19,Q9UN19,27071,,,
Q9UQV4,Q9UQV4,27074,,,
Q6FGK0,Q6FGK0,27075,,,
B4DN64,B4DN64,27077,,,
Q9P2W7,Q9P2W7,27087,,,
O14949,O14949,27089,,,
O95377,O95377,2709,,,
Q9H4F1,Q9H4F1,27090,,,
Q9UF02,Q9UF02,27091,,,
Q9UBN1,Q9UBN1,27092,,,
Q9NPA1,Q9NPA1,27094,,,
O75529,O75529,27097,,,
Q01433,Q01433,271,,,
P32189,P32189,2710,,,
Q9HB71,Q9HB71,27101,,,
Q9BQI3,Q9BQI3,27102,,,
Q59H97,Q59H97,27107,,,
Q99766,Q99766,27109,,,
Q9BXH1,Q9BXH1,27113,,,
Q9NP56,Q9NP56,27115,,,
Q14410,Q14410,2712,,,
Q9UBT3,Q9UBT3,27121,,,
Q9UBU2,Q9UBU2,27123,,,
Q15735,Q15735,27124,,,
Q9UHB7,Q9UHB7,27125,,,
Q8NDV3,Q8NDV3,27127,,,
Q9UIA0,Q9UIA0,27128,,,
Q9UBY9,Q9UBY9,27129,,,
Q9Y283,Q9Y283,27130,,,
Q6P5V6,Q6P5V6,27131,,,
Q8NCM2,Q8NCM2,27133,,,
O95049,O95049,27134,,,
Q9NRP7,Q9NRP7,27148,,,
Q9ULD5,Q9ULD5,27153,,,
Q9ULD4,Q9ULD4,27154,,,
Q9BZP6,Q9BZP6,27159,,,
Q9UKV8,Q9UKV8,27161,,,
Q02083,Q02083,27163,,,
Q53Y83,Q53Y83,2717,,,
Q9NY26,Q9NY26,27173,,,
Q9NRH3,Q9NRH3,27175,,,
Q9NZH7,Q9NZH7,27177,,,
Q9NZH6,Q9NZH6,27178,,,
Q9UHA7,Q9UHA7,27179,,,
Q9Y336,Q9Y336,27180,,,
Q9NYZ4,Q9NYZ4,27181,,,
Q9UN37,Q9UN37,27183,,,
Q9NRI5,Q9NRI5,27185,,,
Q9P0M4,Q9P0M4,27189,,,
Q53H15,Q53H15,2719,,,
Q9UHF5,Q9UHF5,27190,,,
Q96P67,Q96P67,27197,,,
Q9BXC0,Q9BXC0,27198,,,
Q96P68,Q96P68,27199,,,
Q01432,Q01432,272,,,
P16278,P16278,2720,,,
Q96P69,Q96P69,27201,,,
Q9P296,Q9P296,27202,,,
Q9UGJ1,Q9UGJ1,27229,,,
Q9NPI5,Q9NPI5,27231,,,
V9HW60,V9HW60,27232,,,
O75897,O75897,27233,,,
Q96H96,Q96H96,27235,,,
Q92917,Q92917,27238,,,
Q16538,Q16538,27239,,,
Q3SYG4,Q3SYG4,27241,,,
O75509,O75509,27242,,,
O43633,O43633,27243,,,
Q9Y6P5,Q9Y6P5,27244,,,
Q9Y4L5,Q9Y4L5,27246,,,
Q96DZ1,Q96DZ1,27248,,,
B4DKX4,B4DKX4,27250,,,
Q9Y2M5,Q9Y2M5,27252,,,
O14917,O14917,27253,,,
Q9UQ52,Q9UQ52,27255,,,
O15116,O15116,27257,,,
P62310,P62310,27258,,,
O43704,O43704,27284,,,
Q9UIF3,Q9UIF3,27285,,,
O60687,O60687,27286,,,
O75526,O75526,27288,,,
Q92730,Q92730,27289,,,
Q14TF0,Q14TF0,2729,,,
Q9UNQ2,Q9UNQ2,27292,,,
Q92485,Q92485,27293,,,
Q9UQ10,Q9UQ10,27294,,,
O15204,O15204,27299,,,
P49418,P49418,273,,,
P48507,P48507,2730,,,
Q6NX49,Q6NX49,27300,,,
B7ZA71,B7ZA71,27301,,,
O95393,O95393,27302,,,
O95396,O95396,27304,,,
O60760,O60760,27306,,,
P23378,P23378,2731,,,
Q15771,Q15771,27314,,,
P38159,P38159,27316,,,
Q8NFJ8,Q8NFJ8,27319,,,
Q8NDV7,Q8NDV7,27327,,,
Q9BZA7,Q9BZA7,27328,,,
Q53GS7,Q53GS7,2733,,,
Q9UK32,Q9UK32,27330,,,
O00398,O00398,27334,,,
U3LUI4,U3LUI4,27335,,,
O43719,O43719,27336,,,
Q16763,Q16763,27338,,,
Q9UMS4,Q9UMS4,27339,,,
Q92896,Q92896,2734,,,
O75691,O75691,27340,,,
Q9Y3A4,Q9Y3A4,27341,,,
Q9UGP5,Q9UGP5,27343,,,
Q86W47,Q86W47,27345,,,
Q9UEW8,Q9UEW8,27347,,,
Q8IVS2,Q8IVS2,27349,,,
P08151,P08151,2735,,,
Q9NRW3,Q9NRW3,27350,,,
Q59FV5,Q59FV5,2736,,,
P10071,P10071,2737,,,
X5DNM4,X5DNM4,2739,,,
O00499,O00499,274,,,
P43220,P43220,2740,,,
P23415,P23415,2741,,,
P23416,P23416,2742,,,
O43464,O43464,27429,,,
P48167,P48167,2743,,,
Q9NZL9,Q9NZL9,27430,,,
Q9NP87,Q9NP87,27434,,,
Q9HC35,Q9HC35,27436,,,
Q68D38,Q68D38,2744,,,
Q9Y6V0,Q9Y6V0,27445,,,
P35754,P35754,2745,,,
P00367,P00367,2746,,,
P49448,P49448,2747,,,
P48728,P48728,275,,,
P15104,P15104,2752,,,
Q6NSB3,Q6NSB3,276,,,
P17900,P17900,2760,,,
O60547,O60547,2762,,,
P36959,P36959,2766,,,
P29992,P29992,2767,,,
Q6ZQV4,Q6ZQV4,2768,,,
P30679,P30679,2769,,,
P04745,P04745,277,,,
P63096,P63096,2770,,,
P04899,P04899,2771,,,
P08754,P08754,2773,,,
P38405,P38405,2774,,,
Q8N6I9,Q8N6I9,2775,,,
P50148,P50148,2776,,,
P63092,P63092,2778,,,
P11488,P11488,2779,,,
P04745,P04745,278,,,
Q5T697,Q5T697,2780,,,
Q8N652,Q8N652,2781,,,
P62873,P62873,2782,,,
Q6FHM2,Q6FHM2,2783,,,
P16520,P16520,2784,,,
P63215,P63215,2785,,,
P50150,P50150,2786,,,
P63218,P63218,2787,,,
O60262,O60262,2788,,,
Q53F26,Q53F26,279,,,
P50151,P50151,2790,,,
Q53Y01,Q53Y01,2791,,,
P63211,P63211,2792,,,
O14610,O14610,2793,,,
O43555,O43555,2797,,,
P30968,P30968,2798,,,
Q7Z3X3,Q7Z3X3,2799,,,
P16442,P16442,28,,,
P19961,P19961,280,,,
Q92805,Q92805,2800,,,
P17174,P17174,2805,,,
P00505,P00505,2806,,,
P31947,P31947,2810,,,
P07359,P07359,2811,,,
P13224,P13224,2812,,,
P40197,P40197,2814,,,
P14770,P14770,2815,,,
P35052,P35052,2817,,,
P21695,P21695,2819,,,
P43304,P43304,2820,,,
P06744,P06744,2821,,,
P80108,P80108,2822,,,
Q9Y5P8,Q9Y5P8,28227,,,
Q96BD0,Q96BD0,28231,,,
Q9UIG8,Q9UIG8,28232,,,
Q9NPD5,Q9NPD5,28234,,,
P46091,P46091,2825,,,
P46092,P46092,2826,,,
Q8IZJ0,Q8IZJ0,282616,,,
Q8IZI9,Q8IZI9,282617,,,
Q8IU54,Q8IU54,282618,,,
Q8NBQ7,Q8NBQ7,282679,,,
P46089,P46089,2827,,,
Q9H339,Q9H339,282763,,,
Q8NH19,Q8NH19,282770,,,
Q8NH18,Q8NH18,282775,,,
P46093,P46093,2828,,,
P0C0E4,P0C0E4,282808,,,
Q8TC44,Q8TC44,282809,,,
Q5JNZ3,Q5JNZ3,282890,,,
Q689E2,Q689E2,2829,,,
A2VDF0,A2VDF0,282969,,,
Q86UX6,Q86UX6,282974,,,
Q6QNY1,Q6QNY1,282991,,,
W0UV28,W0UV28,283,,,
P46095,P46095,2830,,,
Q8NGP0,Q8NGP0,283092,,,
Q96R67,Q96R67,283093,,,
P48145,P48145,2831,,,
Q9H2C8,Q9H2C8,283111,,,
A6NDI0,A6NDI0,283116,,,
Q8N413,Q8N413,283130,,,
Q8WZ84,Q8WZ84,283159,,,
Q9HBT6,Q9HBT6,28316,,,
Q9GZM6,Q9GZM6,283160,,,
Q96RC9,Q96RC9,283162,,,
Q8NGQ1,Q8NGQ1,283189,,,
P48146,P48146,2832,,,
Q7Z4N8,Q7Z4N8,283208,,,
Q6PCE3,Q6PCE3,283209,,,
Q6PF15,Q6PF15,283212,,,
Q8N4Y2,Q8N4Y2,283229,,,
Q8N4F4,Q8N4F4,283238,,,
Q9H209,Q9H209,283297,,,
P49682,P49682,2833,,,
Q9NR16,Q9NR16,283316,,,
Q86WH2,Q86WH2,283349,,,
Q8N9V0,Q8N9V0,283358,,,
A6NF89,A6NF89,283365,,,
Q8NB46,Q8NB46,283373,,,
Q6ZMH5,Q6ZMH5,283375,,,
Q9NSM3,Q9NSM3,283383,,,
P49683,P49683,2834,,,
Q6UXN8,Q6UXN8,283420,,,
B4DNW6,B4DNW6,283446,,,
F8VWT9,F8VWT9,283450,,,
Q6VAB6,Q6VAB6,283455,,,
O43716,O43716,283459,,,
Q4G148,Q4G148,283464,,,
P47775,P47775,2835,,,
Q7Z3Q1,Q7Z3Q1,283537,,,
Q8N966,Q8N966,283576,,,
Q6Q0C1,Q6Q0C1,283600,,,
Q6SA08,Q6SA08,283629,,,
Q9Y4F5,Q9Y4F5,283638,,,
Q71RS6,Q71RS6,283652,,,
Q8N0Y3,Q8N0Y3,283694,,,
Q9UKP6,Q9UKP6,2837,,,
Q52LJ0,Q52LJ0,283742,,,
Q86XP0,Q86XP0,283748,,,
P49685,P49685,2838,,,
Q6P050,Q6P050,283807,,,
A6NDG6,A6NDG6,283871,,,
Q8NBZ0,Q8NBZ0,283899,,,
P0C024,P0C024,283927,,,
Q8N9I5,Q8N9I5,283985,,,
Q7Z6J9,Q7Z6J9,283989,,,
Q15389,Q15389,284,,,
Q13304,Q13304,2840,,,
Q8WVB3,Q8WVB3,284004,,,
Q7Z3B3,Q7Z3B3,284058,,,
Q8N841,Q8N841,284076,,,
Q86SG6,Q86SG6,284086,,,
Q7Z7B1,Q7Z7B1,284098,,,
Q14330,Q14330,2841,,,
Q86YT5,Q86YT5,284111,,,
Q6NZI2,Q6NZI2,284119,,,
Q86WA9,Q86WA9,284129,,,
Q3B8N2,Q3B8N2,284194,,,
Q6IBH2,Q6IBH2,2842,,,
P25391,P25391,284217,,,
Q6ZMC9,Q6ZMC9,284266,,,
Q8N4Q0,Q8N4Q0,284273,,,
Q99678,Q99678,2843,,,
Q8IVP9,Q8IVP9,284306,,,
Q3SY52,Q3SY52,284307,,,
Q8NBB4,Q8NBB4,284312,,,
Q8N7M2,Q8N7M2,284349,,,
O75864,O75864,284352,,,
Q9UKQ9,Q9UKQ9,284366,,,
Q8N8J6,Q8N8J6,284370,,,
Q6ZN19,Q6ZN19,284371,,,
Q8NG97,Q8NG97,284383,,,
Q0D2J5,Q0D2J5,284390,,,
Q99679,Q99679,2844,,,
Q8N141,Q8N141,284406,,,
Q8N5S1,Q8N5S1,284427,,,
Q8NGA6,Q8NGA6,284433,,,
Q8NHH2,Q8NHH2,284439,,,
P10072,P10072,284459,,,
Q99680,Q99680,2845,,,
Q8N349,Q8N349,284521,,,
Q5TAH2,Q5TAH2,284525,,,
Q8NHC5,Q8NHC5,284532,,,
Q5TCH4,Q5TCH4,284541,,,
Q99677,Q99677,2846,,,
Q2MKA7,Q2MKA7,284654,,,
Q5JZY3,Q5JZY3,284656,,,
Q5BKZ1,Q5BKZ1,284695,,,
Q5XKL5,Q5XKL5,284697,,,
Q99705,Q99705,2847,,,
Q8IXN7,Q8IXN7,284716,,,
Q6PIV7,Q6PIV7,284723,,,
Q5JXA9,Q5JXA9,284759,,,
O00155,O00155,2848,,,
Q8NDV2,Q8NDV2,2849,,,
Q8NC42,Q8NC42,284996,,,
O15123,O15123,285,,,
Q9NS67,Q9NS67,2850,,,
Q9NYR9,Q9NYR9,28511,,,
Q9NYS0,Q9NYS0,28512,,,
Q8N7S2,Q8N7S2,285126,,,
Q9H159,Q9H159,28513,,,
O00548,O00548,28514,,,
Q7Z3J3,Q7Z3J3,285190,,,
Q4G0W2,Q4G0W2,285193,,,
Q8IVB4,Q8IVB4,285195,,,
Q99527,Q99527,2852,,,
Q5NDL2,Q5NDL2,285203,,,
B3KS12,B3KS12,285220,,,
Q6X9E4,Q6X9E4,285231,,,
A5X5Y0,A5X5Y0,285242,,,
Q8N2I2,Q8N2I2,285267,,,
Q6ZSS3,Q6ZSS3,285268,,,
Q5HYI8,Q5HYI8,285282,,,
O00270,O00270,2853,,,
Q4G0N8,Q4G0N8,285335,,,
Q8NBK3,Q8NBK3,285362,,,
Q96FX2,Q96FX2,285381,,,
O75388,O75388,2854,,,
Q6ZWL3,Q6ZWL3,285440,,,
B7ZL88,B7ZL88,285521,,,
Q8N8L6,Q8N8L6,285598,,,
Q49SQ1,Q49SQ1,2856,,,
Q8NGU9,Q8NGU9,285601,,,
Q495N2,Q495N2,285641,,,
Q2VIQ3,Q2VIQ3,285643,,,
Q96R30,Q96R30,285659,,,
Q86T96,Q86T96,285671,,,
Q8N9F8,Q8N9F8,285676,,,
Q9UPC5,Q9UPC5,2857,,,
Q6NW40,Q6NW40,285704,,,
Q8IYX8,Q8IYX8,285753,,,
Q8IXY8,Q8IXY8,285755,,,
Q8N8W4,Q8N8W4,285848,,,
Q9HC97,Q9HC97,2859,,,
Q674R7,Q674R7,285973,,,
P16157,P16157,286,,,
Q96C28,Q96C28,286075,,,
O15354,O15354,2861,,,
Q4G163,Q4G163,286151,,,
Q7Z4L9,Q7Z4L9,286187,,,
O43193,O43193,2862,,,
Q5IJ48,Q5IJ48,286204,,,
O43194,O43194,2863,,,
Q8NGT0,Q8NGT0,286362,,,
Q8NGV5,Q8NGV5,286365,,,
Q6VB84,Q6VB84,286380,,,
O14842,O14842,2864,,,
Q8NB49,Q8NB49,286410,,,
W0TYI6,W0TYI6,286436,,,
O14843,O14843,2865,,,
Q86VZ1,Q86VZ1,286530,,,
O15552,O15552,2867,,,
P32298,P32298,2868,,,
Q8IWR1,Q8IWR1,286827,,,
P48668,P48668,286887,,,
P34947,P34947,2869,,,
Q01484,Q01484,287,,,
P43250,P43250,2870,,,
Q8IWZ5,Q8IWZ5,287015,,,
Q9HBH9,Q9HBH9,2872,,,
Q13098,Q13098,2873,,,
Q13227,Q13227,2874,,,
P24298,P24298,2875,,,
Q7L4Q3,Q7L4Q3,2876,,,
P18283,P18283,2877,,,
P22352,P22352,2878,,,
P36969,P36969,2879,,,
Q8NAK2,Q8NAK2,288,,,
V9HWN8,V9HWN8,2880,,,
Q96SL4,Q96SL4,2882,,,
P62993,P62993,2885,,,
Q13905,Q13905,2889,,,
Q59GL5,Q59GL5,2890,,,
P42262,P42262,2891,,,
Q17R51,Q17R51,2892,,,
Q1WWK6,Q1WWK6,2893,,,
Q9ULK0,Q9ULK0,2894,,,
O43424,O43424,2895,,,
Q92519,Q92519,28951,,,
O75628,O75628,28954,,,
Q9Y2Q9,Q9Y2Q9,28957,,,
Q9Y2R0,Q9Y2R0,28958,,,
Q96C86,Q96C86,28960,,,
Q9Y2X7,Q9Y2X7,28964,,,
Q9Y2P4,Q9Y2P4,28965,,,
Q9Y343,Q9Y343,28966,,,
Q9GZN6,Q9GZN6,28968,,,
P39086,P39086,2897,,,
X6R2S6,X6R2S6,28972,,,
Q9Y676,Q9Y676,28973,,,
Q9H845,Q9H845,28976,,,
Q9Y6G3,Q9Y6G3,28977,,,
Q8IY40,Q8IY40,2898,,,
Q8WYA0,Q8WYA0,28981,,,
Q9Y5Y0,Q9Y5Y0,28982,,,
Q9UL52,Q9UL52,28983,,,
Q9ULC4,Q9ULC4,28985,,,
Q9ULX3,Q9ULX3,28987,,,
Q9BV86,Q9BV86,28989,,,
Q13003,Q13003,2899,,,
Q9H2X6,Q9H2X6,28996,,,
Q9BYD1,Q9BYD1,28998,,,
Q9UIH9,Q9UIH9,28999,,,
Q59E93,Q59E93,290,,,
Q16099,Q16099,2900,,,
Q16478,Q16478,2901,,,
Q8NBI5,Q8NBI5,29015,,,
Q05586,Q05586,2902,,,
Q547U9,Q547U9,2903,,,
Q13224,Q13224,2904,,,
Q14957,Q14957,2905,,,
Q59G17,Q59G17,2906,,,
Q8NCP5,Q8NCP5,29068,,,
Q7Z429,Q7Z429,2907,,,
Q96EU7,Q96EU7,29071,,,
Q9BYW2,Q9BYW2,29072,,,
Q9H0U6,Q9H0U6,29074,,,
Q9P032,Q9P032,29078,,,
Q9NPJ6,Q9NPJ6,29079,,,
P04150,P04150,2908,,,
Q9BY43,Q9BY43,29082,,,
Q9NRX4,Q9NRX4,29085,,,
Q9P015,Q9P015,29088,,,
Q9NPD8,Q9NPD8,29089,,,
Q9NRY4,Q9NRY4,2909,,,
Q9BVV7,Q9BVV7,29090,,,
Q8NFX7,Q8NFX7,29091,,,
Q9NWU5,Q9NWU5,29093,,,
P12235,P12235,291,,,
Q9NP77,Q9NP77,29101,,,
Q9NRR4,Q9NRR4,29102,,,
Q9Y5T4,Q9Y5T4,29103,,,
Q9Y5N5,Q9Y5N5,29104,,,
Q9UKK6,Q9UKK6,29107,,,
Q9ULZ3,Q9ULZ3,29108,,,
Q59HC2,Q59HC2,2911,,,
Q9UHD2,Q9UHD2,29110,,,
Q8WY64,Q8WY64,29116,,,
Q9NPI1,Q9NPI1,29117,,,
Q9UHL0,Q9UHL0,29118,,,
Q9UI47,Q9UI47,29119,,,
Q86YG3,Q86YG3,2912,,,
Q9UHP7,Q9UHP7,29121,,,
Q9UHV8,Q9UHV8,29124,,,
Q9NZQ7,Q9NZQ7,29126,,,
Q9H0H5,Q9H0H5,29127,,,
Q96T88,Q96T88,29128,,,
Q14832,Q14832,2913,,,
Q14833,Q14833,2914,,,
P41594,P41594,2915,,,
O15303,O15303,2916,,,
Q59G95,Q59G95,2917,,,
O00222,O00222,2918,,,
P09341,P09341,2919,,,
Q6NVC0,Q6NVC0,292,,,
P19875,P19875,2920,,,
P19876,P19876,2921,,,
P07492,P07492,2922,,,
V9HVY3,V9HVY3,2923,,,
X5D7H2,X5D7H2,2925,,,
O15499,O15499,2928,,,
Q6I9V5,Q6I9V5,293,,,
P49840,P49840,2931,,,
Q6FI27,Q6FI27,2932,,,
P06396,P06396,2934,,,
P15170,P15170,2935,,,
V9HW90,V9HW90,2936,,,
V9HWJ1,V9HWJ1,2937,,,
P08263,P08263,2938,,,
P09210,P09210,2939,,,
Q16772,Q16772,2940,,,
O15217,O15217,2941,,,
X5DR03,X5DR03,2944,,,
Q0D2I8,Q0D2I8,2946,,,
Q6FGJ9,Q6FGJ9,2947,,,
Q03013,Q03013,2948,,,
Q5T8R2,Q5T8R2,2949,,,
V9HWE9,V9HWE9,2950,,,
P30711,P30711,2952,,,
P0CG29,P0CG29,2953,,,
O43708,O43708,2954,,,
Q3SWU9,Q3SWU9,2956,,,
P52655,P52655,2957,,,
P52657,P52657,2958,,,
Q00403,Q00403,2959,,,
P29083,P29083,2960,,,
P29084,P29084,2961,,,
P35269,P35269,2962,,,
P13984,P13984,2963,,,
P32780,P32780,2965,,,
Q13888,Q13888,2966,,,
Q13889,Q13889,2967,,,
Q92759,Q92759,2968,,,
Q499G6,Q499G6,2969,,,
Q92664,Q92664,2971,,,
Q92994,Q92994,2972,,,
Q12789,Q12789,2975,,,
Q8WUA4,Q8WUA4,2976,,,
Q8WV28,Q8WV28,29760,,,
Q9UHP3,Q9UHP3,29761,,,
Q9NZQ9,Q9NZQ9,29765,,,
Q9NYL9,Q9NYL9,29766,,,
Q9NZR1,Q9NZR1,29767,,,
P33402,P33402,2977,,,
Q9ULW3,Q9ULW3,29777,,,
P43080,P43080,2978,,,
Q9HBI1,Q9HBI1,29780,,,
Q6IBW4,Q6IBW4,29781,,,
Q96SQ9,Q96SQ9,29785,,,
Q9NTK5,Q9NTK5,29789,,,
Q9UMX6,Q9UMX6,2979,,,
Q9UDW1,Q9UDW1,29796,,,
Q8WTX9,Q8WTX9,29800,,,
Q9ULC8,Q9ULC8,29801,,,
Q9UKI3,Q9UKI3,29802,,,
Q02108,Q02108,2982,,,
Q02153,Q02153,2983,,,
P25092,P25092,2984,,,
Q9NZI5,Q9NZI5,29841,,,
Q9NZI6,Q9NZI6,29842,,,
Q9P0U3,Q9P0U3,29843,,,
P0C1Z6,P0C1Z6,29844,,,
Q9NZQ8,Q9NZQ8,29850,,,
Q9Y6W8,Q9Y6W8,29851,,,
Q9NPG3,Q9NPG3,29855,,,
P51841,P51841,2986,,,
Q6IBG8,Q6IBG8,2987,,,
Q9Y673,Q9Y673,29880,,,
Q9UHC9,Q9UHC9,29881,,,
Q9UJX6,Q9UJX6,29882,,,
Q9UIV1,Q9UIV1,29883,,,
Q9Y5X2,Q9Y5X2,29886,,,
Q9Y5X0,Q9Y5X0,29887,,,
Q9NRL3,Q9NRL3,29888,,,
Q5T0F3,Q5T0F3,29889,,,
Q8NDT2,Q8NDT2,29890,,,
Q9P2W1,Q9P2W1,29893,,,
Q10570,Q10570,29894,,,
Q96A32,Q96A32,29895,,,
Q549U1,Q549U1,29896,,,
P81274,P81274,29899,,,
P08236,P08236,2990,,,
F8WC89,F8WC89,29901,,,
O00418,O00418,29904,,,
O15466,O15466,29906,,,
Q9NRS6,Q9NRS6,29907,,,
O14626,O14626,29909,,,
Q96ED9,Q96ED9,29911,,,
Q9Y5Z7,Q9Y5Z7,29915,,,
Q9Y5W9,Q9Y5W9,29916,,,
P46976,P46976,2992,,,
Q96C36,Q96C36,29920,,,
Q9Y5B8,Q9Y5B8,29922,,,
Q9Y6I3,Q9Y6I3,29924,,,
Q9Y5P6,Q9Y5P6,29925,,,
Q96IJ6,Q96IJ6,29926,,,
P61619,P61619,29927,,,
Q9Y584,Q9Y584,29928,,,
Q9Y672,Q9Y672,29929,,,
Q14419,Q14419,2993,,,
Q9Y5F3,Q9Y5F3,29930,,,
Q9UNW8,Q9UNW8,29933,,,
Q3SYF1,Q3SYF1,29934,,,
Q13156,Q13156,29935,,,
P06028,P06028,2994,,,
Q9UL01,Q9UL01,29940,,,
Q6P5Z2,Q6P5Z2,29941,,,
Q9ULC6,Q9ULC6,29943,,,
Q9UJX5,Q9UJX5,29945,,,
Q9UJW3,Q9UJW3,29947,,,
Q9UHD0,Q9UHD0,29949,,,
P04921,P04921,2995,,,
Q6ZMN7,Q6ZMN7,29951,,,
Q9UHL4,Q9UHL4,29952,,,
Q9UKU6,Q9UKU6,29953,,,
Q9UKY4,Q9UKY4,29954,,,
Q96G23,Q96G23,29956,,,
Q6NUK1,Q6NUK1,29957,,,
Q9UI17,Q9UI17,29958,,,
Q9UHY1,Q9UHY1,29959,,,
V9HWJ9,V9HWJ9,29960,,,
Q13033,Q13033,29966,,,
Q9Y617,Q9Y617,29968,,,
P13807,P13807,2997,,,
Q9UHD9,Q9UHD9,29978,,,
Q9UMX0,Q9UMX0,29979,,,
P54840,P54840,2998,,,
E9PIG5,E9PIG5,29984,,,
Q9BRY0,Q9BRY0,29985,,,
Q9NP94,Q9NP94,29986,,,
Q9NY64,Q9NY64,29988,,,
Q9UKJ1,Q9UKJ1,29992,,,
Q9NZM5,Q9NZM5,29997,,,
Q9NQT6,Q9NQT6,29999,,,
P09110,P09110,30,,,
Q02846,Q02846,3000,,,
Q4LE60,Q4LE60,30000,,,
Q96HE7,Q96HE7,30001,,,
Q9UL17,Q9UL17,30009,,,
P12544,P12544,3001,,,
Q3LID8,Q3LID8,30010,,,
Q96B97,Q96B97,30011,,,
O43711,O43711,30012,,,
Q67BC3,Q67BC3,3002,,,
P49863,P49863,3003,,,
P51124,P51124,3004,,,
P07305,P07305,3005,,,
P16403,P16403,3006,,,
Q9NP59,Q9NP59,30061,,,
Q9Y2V3,Q9Y2V3,30062,,,
P16402,P16402,3007,,,
P10412,P10412,3008,,,
P16401,P16401,3009,,,
Q5TZZ9,Q5TZZ9,301,,,
P22492,P22492,3010,,,
Q08AJ9,Q08AJ9,3012,,,
P20671,P20671,3013,,,
P16104,P16104,3014,,,
P0C0S5,P0C0S5,3015,,,
P62807,P62807,3017,,,
P33778,P33778,3018,,,
P07355,P07355,302,,,
P84243,P84243,3020,,,
P84243,P84243,3021,,,
Q02539,Q02539,3024,,,
Q14520,Q14520,3026,,,
Q99714,Q99714,3028,,,
Q16775,Q16775,3029,,,
P40939,P40939,3030,,,
P55084,P55084,3032,,,
Q16836,Q16836,3033,,,
P42357,P42357,3034,,,
P12081,P12081,3035,,,
Q8IYH3,Q8IYH3,3036,,,
Q92819,Q92819,3037,,,
O00219,O00219,3038,,,
P69905,P69905,3039,,,
P69905,P69905,3040,,,
Q6B0K9,Q6B0K9,3042,,,
P68871,P68871,3043,,,
P02042,P02042,3045,,,
P02100,P02100,3046,,,
P69891,P69891,3047,,,
P69892,P69892,3048,,,
P09105,P09105,3049,,,
P02008,P02008,3050,,,
P53701,P53701,3052,,,
Q8IVC0,Q8IVC0,3053,,,
P51610,P51610,3054,,,
P08631,P08631,3055,,,
P14317,P14317,3059,,,
P12429,P12429,306,,,
O43612,O43612,3060,,,
O43613,O43613,3061,,,
S4X0W3,S4X0W3,3062,,,
P42858,P42858,3064,,,
Q6IT96,Q6IT96,3065,,,
Q92769,Q92769,3066,,,
P19113,P19113,3067,,,
P51858,P51858,3068,,,
Q6LES2,Q6LES2,307,,,
Q9NRZ9,Q9NRZ9,3070,,,
P55160,P55160,3071,,,
P06865,P06865,3073,,,
P07686,P07686,3074,,,
P08603,P08603,3075,,,
V9HWE0,V9HWE0,308,,,
Q93099,Q93099,3081,,,
P57058,P57058,30811,,,
P57073,P57073,30812,,,
Q9NZR4,Q9NZR4,30813,,,
Q9NZK7,Q9NZK7,30814,,,
Q969X2,Q969X2,30815,,,
Q9UHX3,Q9UHX3,30817,,,
P14210,P14210,3082,,,
Q9P0U4,Q9P0U4,30827,,,
Q04756,Q04756,3083,,,
Q86Y25,Q86Y25,30832,,,
Q8TCD5,Q8TCD5,30833,,,
Q9P1U0,Q9P1U0,30834,,,
Q9NNX6,Q9NNX6,30835,,,
O14512,O14512,30837,,,
Q02297,Q02297,3084,,,
Q9H223,Q9H223,30844,,,
Q9NZN3,Q9NZN3,30845,,,
Q9NZN4,Q9NZN4,30846,,,
Q99570,Q99570,30849,,,
Q03014,Q03014,3087,,,
P08133,P08133,309,,,
Q16665,Q16665,3091,,,
O00291,O00291,3092,,,
P61086,P61086,3093,,,
P49773,P49773,3094,,,
P15822,P15822,3096,,,
P31629,P31629,3097,,,
Q59FD4,Q59FD4,3098,,,
P52789,P52789,3099,,,
Q13085,Q13085,31,,,
P20073,P20073,310,,,
P52790,P52790,3101,,,
P10074,P10074,3104,,,
Q5SUL5,Q5SUL5,3105,,,
P01889,P01889,3106,,,
O19617,O19617,3107,,,
Q6ICR9,Q6ICR9,3108,,,
P28068,P28068,3109,,,
Q5T0G8,Q5T0G8,311,,,
P50219,P50219,3110,,,
X5CF87,X5CF87,3111,,,
Q5QNS2,Q5QNS2,3112,,,
X5CKE2,X5CKE2,3113,,,
P04440,P04440,3115,,,
Q8MH44,Q8MH44,3117,,,
P01906,P01906,3118,,,
Q5SU54,Q5SU54,3119,,,
P27216,P27216,312,,,
P01903,P01903,3122,,,
Q5Y7D1,Q5Y7D1,3123,,,
P79483,P79483,3125,,,
X5D2U9,X5D2U9,3126,,,
Q30154,Q30154,3127,,,
P28039,P28039,313,,,
Q16534,Q16534,3131,,,
Q6DU44,Q6DU44,3133,,,
P30511,P30511,3134,,,
Q6DU14,Q6DU14,3135,,,
O75106,O75106,314,,,
P50747,P50747,3141,,,
Q14774,Q14774,3142,,,
P08397,P08397,3145,,,
P09429,P09429,3146,,,
P26583,P26583,3148,,,
O15347,O15347,3149,,,
Q6NSG7,Q6NSG7,3150,,,
P05204,P05204,3151,,,
P35914,P35914,3155,,,
P04035,P04035,3156,,,
Q01581,Q01581,3157,,,
P54868,P54868,3158,,,
Q5T6U8,Q5T6U8,3159,,,
Q06278,Q06278,316,,,
O75330,O75330,3161,,,
Q6FH11,Q6FH11,3162,,,
P30519,P30519,3163,,,
P22736,P22736,3164,,,
Q9NP08,Q9NP08,3166,,,
A2RU54,A2RU54,3167,,,
P55317,P55317,3169,,,
O14727,O14727,317,,,
Q9Y261,Q9Y261,3170,,,
P55318,P55318,3171,,,
P41235,P41235,3172,,,
Q14541,Q14541,3174,,,
Q9UBC0,Q9UBC0,3175,,,
P50135,P50135,3176,,,
Q14542,Q14542,3177,,,
Q8NFZ6,Q8NFZ6,317701,,,
Q7Z5H5,Q7Z5H5,317703,,,
Q7Z5H4,Q7Z5H4,317705,,,
Q6JEL2,Q6JEL2,317719,,,
D5KJA1,D5KJA1,317749,,,
Q86YR6,Q86YR6,317754,,,
Q8IUE6,Q8IUE6,317772,,,
Q8N8A6,Q8N8A6,317781,,,
P09651,P09651,3178,,,
P50583,P50583,318,,,
P22626,P22626,3181,,,
Q99729,Q99729,3182,,,
P07910,P07910,3183,,,
Q14103,Q14103,3184,,,
P52597,P52597,3185,,,
P31943,P31943,3187,,,
P55795,P55795,3188,,,
Q53F48,Q53F48,3189,,,
Q6IBN1,Q6IBN1,3190,,,
Q6NTA2,Q6NTA2,3191,,,
Q96RI8,Q96RI8,319100,,,
Q86Y46,Q86Y46,319101,,,
Q00839,Q00839,3192,,,
P31314,P31314,3195,,,
O43763,O43763,3196,,,
P49639,P49639,3198,,,
O43364,O43364,3199,,,
O00763,O00763,32,,,
Q02410,Q02410,320,,,
O43365,O43365,3200,,,
Q00056,Q00056,3201,,,
P20719,P20719,3202,,,
P31267,P31267,3203,,,
P31268,P31268,3204,,,
P31269,P31269,3205,,,
P31260,P31260,3206,,,
P31270,P31270,3207,,,
Q6DI00,Q6DI00,3209,,,
P14653,P14653,3211,,,
P14652,P14652,3212,,,
P14651,P14651,3213,,,
P17483,P17483,3214,,,
P09067,P09067,3215,,,
P17509,P17509,3216,,,
P09629,P09629,3217,,,
Q8N8T3,Q8N8T3,3218,,,
P17482,P17482,3219,,,
O00213,O00213,322,,,
Q86TF7,Q86TF7,3221,,,
Q00444,Q00444,3222,,,
P09630,P09630,3223,,,
P31273,P31273,3224,,,
Q8N561,Q8N561,3225,,,
Q9NYD6,Q9NYD6,3226,,,
O43248,O43248,3227,,,
P31275,P31275,3228,,,
P31276,P31276,3229,,,
Q92870,Q92870,323,,,
Q9GZZ0,Q9GZZ0,3231,,,
P31249,P31249,3232,,,
P09016,P09016,3233,,,
P13378,P13378,3234,,,
P28356,P28356,3235,,,
P28358,P28358,3236,,,
P31277,P31277,3237,,,
P35452,P35452,3238,,,
P35453,P35453,3239,,,
Q4LE70,Q4LE70,324,,,
Q6PEJ8,Q6PEJ8,3240,,,
P32754,P32754,3242,,,
P15428,P15428,3248,,,
P05981,P05981,3249,,,
P00739,P00739,3250,,,
P00492,P00492,3251,,,
O43918,O43918,326,,,
Q9BS19,Q9BS19,3263,,,
Q86SH2,Q86SH2,326340,,,
X5D945,X5D945,3265,,,
Q7Z444,Q7Z444,3266,,,
Q96AX2,Q96AX2,326624,,,
Q96EY8,Q96EY8,326625,,,
P52594,P52594,3267,,,
P35367,P35367,3269,,,
P13798,P13798,327,,,
P25021,P25021,3274,,,
P55345,P55345,3275,,,
A0A087X1W2,A0A087X1W2,3276,,,
Q86WD7,Q86WD7,327657,,,
Q5TZP7,Q5TZP7,328,,,
Q14469,Q14469,3280,,,
P14060,P14060,3283,,,
P26439,P26439,3284,,,
Q13490,Q13490,329,,,
X5D2L1,X5D2L1,3290,,,
P80365,P80365,3291,,,
P14061,P14061,3292,,,
Q6FH62,Q6FH62,3293,,,
P37059,P37059,3294,,,
P51659,P51659,3295,,,
Q00613,Q00613,3297,,,
Q03933,Q03933,3298,,,
Q9ULV5,Q9ULV5,3299,,,
P28330,P28330,33,,,
Q13489,Q13489,330,,,
P25686,P25686,3300,,,
P31689,P31689,3301,,,
P0DMV9,P0DMV9,3303,,,
P0DMV9,P0DMV9,3304,,,
P34931,P34931,3305,,,
P54652,P54652,3306,,,
P34932,P34932,3308,,,
V9HWB4,V9HWB4,3309,,,
P98170,P98170,331,,,
P17066,P17066,3310,,,
V9HW22,V9HW22,3312,,,
P38646,P38646,3313,,,
V9HW43,V9HW43,3315,,,
Q16082,Q16082,3316,,,
O15392,O15392,332,,,
Q86SX1,Q86SX1,3320,,,
O75054,O75054,3321,,,
P08238,P08238,3326,,,
P10809,P10809,3329,,,
P51693,P51693,333,,,
P61604,P61604,3336,,,
P25685,P25685,3337,,,
Q9NNZ3,Q9NNZ3,3338,,,
P98160,P98160,3339,,,
Q5JR12,Q5JR12,333926,,,
Q3KNW1,Q3KNW1,333929,,,
Q71DI3,Q71DI3,333932,,,
Q06481,Q06481,334,,,
P52848,P52848,3340,,,
P32314,P32314,3344,,,
P15515,P15515,3346,,,
P15516,P15516,3347,,,
P02647,P02647,335,,,
Q5ZGX3,Q5ZGX3,3350,,,
X5D7I5,X5D7I5,3351,,,
P28221,P28221,3352,,,
P28566,P28566,3354,,,
P30939,P30939,3355,,,
P28223,P28223,3356,,,
P41595,P41595,3357,,,
P28335,P28335,3358,,,
P46098,P46098,3359,,,
P02652,P02652,336,,,
Q13639,Q13639,3360,,,
P47898,P47898,3361,,,
P50406,P50406,3362,,,
P34969,P34969,3363,,,
O60921,O60921,3364,,,
Q4LE33,Q4LE33,3371,,,
Q12794,Q12794,3373,,,
P10997,P10997,3375,,,
Q7L4K8,Q7L4K8,3376,,,
Q70JA7,Q70JA7,337876,,,
Q7Z7Q0,Q7Z7Q0,338,,,
P21815,P21815,3381,,,
P05362,P05362,3383,,,
Q8WXI8,Q8WXI8,338339,,,
Q86WN2,Q86WN2,338376,,,
Q96AH8,Q96AH8,338382,,,
P59551,P59551,338398,,,
Q6FHE2,Q6FHE2,3384,,,
A1A5B4,A1A5B4,338440,,,
Q8TDS4,Q8TDS4,338442,,,
P32942,P32942,3385,,,
Q5NUL3,Q5NUL3,338557,,,
P61647,P61647,338596,,,
Q68J44,Q68J44,338599,,,
U5U6P8,U5U6P8,3386,,,
Q6GV28,Q6GV28,338661,,,
Q8NGM9,Q8NGM9,338662,,,
O95221,O95221,338674,,,
Q8NGF4,Q8NGF4,338675,,,
Q8N9B4,Q8N9B4,338699,,,
Q76KP1,Q76KP1,338707,,,
Q8NGH7,Q8NGH7,338751,,,
A6NM03,A6NM03,338755,,,
Q5XKE5,Q5XKE5,338785,,,
G3V0H7,G3V0H7,338821,,,
P58304,P58304,338917,,,
P41238,P41238,339,,,
Q86YS6,Q86YS6,339122,,,
Q6UWV6,Q6UWV6,339221,,,
Q68DK7,Q68DK7,339287,,,
Q7Z7G2,Q7Z7G2,339302,,,
Q2M3W8,Q2M3W8,339318,,,
Q86UE3,Q86UE3,339327,,,
P60321,P60321,339345,,,
Q6XYD1,Q6XYD1,339390,,,
Q02556,Q02556,3394,,,
Q8TDU9,Q8TDU9,339403,,,
Q6TDP4,Q6TDP4,339451,,,
Q6VUC0,Q6VUC0,339488,,,
Q49AA0,Q49AA0,339559,,,
Q14197,Q14197,3396,,,
Q6ICL7,Q6ICL7,339665,,,
P41134,P41134,3397,,,
Q6IQ16,Q6IQ16,339745,,,
Q4G0S4,Q4G0S4,339761,,,
Q53T66,Q53T66,3398,,,
Q6ZQY3,Q6ZQY3,339896,,,
Q02535,Q02535,3399,,,
Q6ZMR5,Q6ZMR5,339967,,,
Q8N9V2,Q8N9V2,339976,,,
Q8N9F0,Q8N9F0,339983,,,
P11310,P11310,34,,,
P47928,P47928,3400,,,
Q695T7,Q695T7,340024,,,
V5V0K2,V5V0K2,340061,,,
Q5FYB1,Q5FYB1,340075,,,
Q5M8T2,Q5M8T2,340146,,,
A2A288,A2A288,340152,,,
Q86YV6,Q86YV6,340156,,,
Q86YW5,Q86YW5,340205,,,
Q8NEM1,Q8NEM1,340252,,,
A6NJT0,A6NJT0,340260,,,
Q2M3G0,Q2M3G0,340273,,,
Q86UF1,Q86UF1,340348,,,
Q2WGJ6,Q2WGJ6,340359,,,
Q9NSY0,Q9NSY0,340371,,,
Q6ZMY9,Q6ZMY9,340385,,,
Q6S8J7,Q6S8J7,340441,,,
Q8IVQ6,Q8IVQ6,340481,,,
Q5QJU3,Q5QJU3,340485,,,
Q5JQF8,Q5JQF8,340529,,,
Q5HYM0,Q5HYM0,340554,,,
Q5VYY2,Q5VYY2,340654,,,
Q6V0L0,Q6V0L0,340665,,,
Q8WY41,Q8WY41,340719,,,
A6NHT5,A6NHT5,340784,,,
Q8NGF0,Q8NGF0,340980,,,
A6NND4,A6NND4,341152,,,
Q9H208,Q9H208,341276,,,
P0C7M7,P0C7M7,341392,,,
Q9NZP2,Q9NZP2,341416,,,
Q8NGE1,Q8NGE1,341418,,,
Q8NH09,Q8NH09,341568,,,
P14735,P14735,3416,,,
Q6P3R8,Q6P3R8,341676,,,
V9HWJ2,V9HWJ2,3417,,,
Q8NH40,Q8NH40,341799,,,
P48735,P48735,3418,,,
A4IF30,A4IF30,341880,,,
P50213,P50213,3419,,,
Q7Z4L0,Q7Z4L0,341947,,,
A0A087X2E5,A0A087X2E5,3420,,,
Q6ZMI3,Q6ZMI3,342035,,,
P51553,P51553,3421,,,
Q68DA7,Q68DA7,342184,,,
Q13907,Q13907,3422,,,
P22304,P22304,3423,,,
Q63HK3,Q63HK3,342357,,,
Q7Z443,Q7Z443,342372,,,
P35475,P35475,3425,,,
Q496F6,Q496F6,342510,,,
Q7Z3Y8,Q7Z3Y8,342574,,,
P05156,P05156,3426,,,
A8MQ14,A8MQ14,342892,,,
Q494X3,Q494X3,342908,,,
Q2VY69,Q2VY69,342909,,,
Q86XU0,Q86XU0,342926,,,
A6NJL1,A6NJL1,342933,,,
P10073,P10073,342945,,,
P60323,P60323,342977,,,
O94778,O94778,343,,,
Q5VUY2,Q5VUY2,343066,,,
Q8NGZ6,Q8NGZ6,343169,,,
Q7Z3T1,Q7Z3T1,343171,,,
A6NH00,A6NH00,343172,,,
Q8NH03,Q8NH03,343173,,,
Q8NGX6,Q8NGX6,343406,,,
Q6DN72,Q6DN72,343413,,,
Q6UVM3,Q6UVM3,343450,,,
Q9NY43,Q9NY43,343472,,,
Q8NH02,Q8NH02,343563,,,
O95932,O95932,343641,,,
P01562,P01562,3439,,,
A6NI15,A6NI15,343930,,,
P01563,P01563,3440,,,
Q6QHK4,Q6QHK4,344018,,,
P05014,P05014,3441,,,
A8MTJ6,A8MTJ6,344167,,,
Q03828,Q03828,344191,,,
P01569,P01569,3442,,,
P05013,P05013,3443,,,
Q5MAI5,Q5MAI5,344387,,,
P01567,P01567,3444,,,
P32881,P32881,3445,,,
Q8TEJ3,Q8TEJ3,344558,,,
Q8TDV2,Q8TDV2,344561,,,
P01566,P01566,3446,,,
P01562,P01562,3447,,,
Q6P093,Q6P093,344752,,,
Q86SP6,Q86SP6,344758,,,
A6NHJ4,A6NHJ4,344787,,,
P01570,P01570,3448,,,
Q7RTY8,Q7RTY8,344805,,,
P05015,P05015,3449,,,
Q4VNC0,Q4VNC0,344905,,,
P02656,P02656,345,,,
P01571,P01571,3451,,,
P01568,P01568,3452,,,
Q3KNW5,Q3KNW5,345274,,,
P17181,P17181,3454,,,
P60673,P60673,345456,,,
B4DU55,B4DU55,345462,,,
P48551,P48551,3455,,,
P01574,P01574,3456,,,
A1A4Y4,A1A4Y4,345611,,,
D6RGH6,D6RGH6,345643,,,
Q5HYI7,Q5HYI7,345778,,,
P01579,P01579,3458,,,
P15260,P15260,3459,,,
P38484,P38484,3460,,,
Q5T1H1,Q5T1H1,346007,,,
Q9NU63,Q9NU63,346171,,,
Q6ZU15,Q6ZU15,346288,,,
Q8N148,Q8N148,346517,,,
Q8NGT7,Q8NGT7,346525,,,
Q8NGT9,Q8NGT9,346528,,,
A8MTJ3,A8MTJ3,346562,,,
Q86VF5,Q86VF5,346606,,,
P05000,P05000,3467,,,
P05090,P05090,347,,,
Q5PT55,Q5PT55,347051,,,
Q8NGS3,Q8NGS3,347168,,,
Q8NGR6,Q8NGR6,347169,,,
Q5T7B8,Q5T7B8,347240,,,
P51508,P51508,347344,,,
Q8NG92,Q8NG92,347468,,,
Q6ZPD8,Q6ZPD8,347516,,,
Q5JT25,Q5JT25,347517,,,
Q5FYA8,Q5FYA8,347527,,,
P78318,P78318,3476,,,
Q3ZCM7,Q3ZCM7,347688,,,
Q86UE6,Q86UE6,347730,,,
Q86XQ3,Q86XQ3,347732,,,
Q9BVA1,Q9BVA1,347733,,,
Q8TB61,Q8TB61,347734,,,
O75333,O75333,347853,,,
Q5U743,Q5U743,3479,,,
P02649,P02649,348,,,
P08069,P08069,3480,,,
P01344,P01344,3481,,,
Q68CK6,Q68CK6,348158,,,
Q2VPK5,Q2VPK5,348180,,,
P11717,P11717,3482,,,
Q8TAY0,Q8TAY0,3483,,,
Q6P9A1,Q6P9A1,348327,,,
P17936,P17936,3486,,,
Q17RS7,Q17RS7,348654,,,
Q96N87,Q96N87,348932,,,
Q86WJ6,Q86WJ6,348980,,,
Q8TEA6,Q8TEA6,348995,,,
Q6FI18,Q6FI18,3491,,,
Q8NFK1,Q8NFK1,349149,,,
Q8WXT5,Q8WXT5,349334,,,
Q96T66,Q96T66,349565,,,
Q86UN3,Q86UN3,349667,,,
P16219,P16219,35,,,
P02749,P02749,350,,,
Q7Z601,Q7Z601,350383,,,
P38935,P38935,3508,,,
P05067,P05067,351,,,
Q06330,Q06330,3516,,,
P07741,P07741,353,,,
Q86V71,Q86V71,353088,,,
Q6H3X3,Q6H3X3,353091,,,
A0A0G2JPZ2,A0A0G2JPZ2,353164,,,
Q401N2,Q401N2,353174,,,
Q6ZQN7,Q6ZQN7,353189,,,
Q6TGC4,Q6TGC4,353238,,,
P59923,P59923,353274,,,
Q7Z3Y9,Q7Z3Y9,353288,,,
Q7Z602,Q7Z602,353345,,,
A6NK53,A6NK53,353355,,,
Q86XR7,Q86XR7,353376,,,
Q7Z5Q5,Q7Z5Q5,353497,,,
Q7Z5Y6,Q7Z5Y6,353500,,,
A6NI73,A6NI73,353514,,,
P07288,P07288,354,,,
P15814,P15814,3543,,,
Q14623,Q14623,3549,,,
P25445,P25445,355,,,
Q9UK43,Q9UK43,3550,,,
O14920,O14920,3551,,,
P01583,P01583,3552,,,
P01584,P01584,3553,,,
P14778,P14778,3554,,,
Q9NPH3,Q9NPH3,3556,,,
P18510,P18510,3557,,,
Q0GK43,Q0GK43,3558,,,
P01589,P01589,3559,,,
Q53ZZ1,Q53ZZ1,356,,,
P14784,P14784,3560,,,
P31785,P31785,3561,,,
P08700,P08700,3562,,,
P26951,P26951,3563,,,
P05112,P05112,3565,,,
P24394,P24394,3566,,,
P05113,P05113,3567,,,
Q01344,Q01344,3568,,,
Q75MH2,Q75MH2,3569,,,
Q13796,Q13796,357,,,
P08887,P08887,3570,,,
P40189,P40189,3572,,,
P13232,P13232,3574,,,
P16871,P16871,3575,,,
P10145,P10145,3576,,,
P25024,P25024,3577,,,
P15248,P15248,3578,,,
Q53PC4,Q53PC4,3579,,,
P29972,P29972,358,,,
Q01113,Q01113,3581,,,
Q6FGW4,Q6FGW4,3586,,,
Q13651,Q13651,3587,,,
Q08334,Q08334,3588,,,
P20809,P20809,3589,,,
P41181,P41181,359,,,
Q5VZ79,Q5VZ79,3590,,,
P29459,P29459,3592,,,
P29460,P29460,3593,,,
P42701,P42701,3594,,,
Q99665,Q99665,3595,,,
P35225,P35225,3596,,,
P78552,P78552,3597,,,
Q14627,Q14627,3598,,,
P45954,P45954,36,,,
Q92482,Q92482,360,,,
P40933,P40933,3600,,,
Q5SVQ8,Q5SVQ8,360023,,,
Q13261,Q13261,3601,,,
Q7Z410,Q7Z410,360200,,,
Q07011,Q07011,3604,,,
Q16552,Q16552,3605,,,
Q14116,Q14116,3606,,,
Q01167,Q01167,3607,,,
Q53FG3,Q53FG3,3608,,,
Q12906,Q12906,3609,,,
P55087,P55087,361,,,
V9HWF0,V9HWF0,3611,,,
P29218,P29218,3612,,,
O14732,O14732,3613,,,
P20839,P20839,3614,,,
P12268,P12268,3615,,,
Q17R60,Q17R60,3617,,,
Q9NQS7,Q9NQS7,3619,,,
P55064,P55064,362,,,
P14902,P14902,3620,,,
Q9UK53,Q9UK53,3621,,,
Q9H160,Q9H160,3622,,,
P05111,P05111,3623,,,
P08476,P08476,3624,,,
P09529,P09529,3625,,,
P55103,P55103,3626,,,
P02778,P02778,3627,,,
Q6IBG4,Q6IBG4,3628,,,
Q13520,Q13520,363,,,
P01308,P01308,3630,,,
Q96PE3,Q96PE3,3631,,,
Q8N6C1,Q8N6C1,3632,,,
P32019,P32019,3633,,,
Q92835,Q92835,3635,,,
O15357,O15357,3636,,,
O14520,O14520,364,,,
P51460,P51460,3640,,,
Q14641,Q14641,3641,,,
P06213,P06213,3643,,,
P14616,P14616,3645,,,
P60228,P60228,3646,,,
P52945,P52945,3651,,,
Q9Y573,Q9Y573,3652,,,
P51617,P51617,3654,,,
P23229,P23229,3655,,,
O43187,O43187,3656,,,
Q6FHN8,Q6FHN8,3659,,,
O43315,O43315,366,,,
P14316,P14316,3660,,,
Q14653,Q14653,3661,,,
Q15306,Q15306,3662,,,
Q13568,Q13568,3663,,,
O14896,O14896,3664,,,
Q92985,Q92985,3665,,,
P35568,P35568,3667,,,
Q96AZ6,Q96AZ6,3669,,,
P10275,P10275,367,,,
P61371,P61371,3670,,,
P56199,P56199,3672,,,
P17301,P17301,3673,,,
P08514,P08514,3674,,,
P26006,P26006,3675,,,
P13612,P13612,3676,,,
P08648,P08648,3678,,,
Q4LE35,Q4LE35,3679,,,
O95255,O95255,368,,,
Q8N6H6,Q8N6H6,3680,,,
Q59H14,Q59H14,3681,,,
P38570,P38570,3682,,,
P20701,P20701,3683,,,
P11215,P11215,3684,,,
P06756,P06756,3685,,,
P20702,P20702,3687,,,
P05556,P05556,3688,,,
P05107,P05107,3689,,,
Q96II5,Q96II5,369,,,
P05106,P05106,3690,,,
P16144,P16144,3691,,,
P56537,P56537,3692,,,
P18084,P18084,3693,,,
P18564,P18564,3694,,,
P26010,P26010,3695,,,
Q9BUG9,Q9BUG9,3696,,,
P19827,P19827,3697,,,
P19823,P19823,3698,,,
P49748,P49748,37,,,
Q08881,Q08881,3702,,,
P46977,P46977,3703,,,
Q9BY32,Q9BY32,3704,,,
Q13572,Q13572,3705,,,
P23677,P23677,3706,,,
P27987,P27987,3707,,,
Q59H91,Q59H91,3708,,,
Q14571,Q14571,3709,,,
Q59ES2,Q59ES2,3710,,,
P26440,P26440,3712,,,
Q9Y219,Q9Y219,3714,,,
P23458,P23458,3716,,,
O60674,O60674,3717,,,
P52333,P52333,3718,,,
Q92833,Q92833,3720,,,
P05412,P05412,3725,,,
Q5U079,Q5U079,3726,,,
P17535,P17535,3727,,,
P14923,P14923,3728,,,
P36406,P36406,373,,,
Q9Y2Q3,Q9Y2Q3,373156,,,
P27701,P27701,3732,,,
Q15046,Q15046,3735,,,
Q09470,Q09470,3736,,,
P16389,P16389,3737,,,
P22001,P22001,3738,,,
P22459,P22459,3739,,,
P15514,P15514,374,,,
P22460,P22460,3741,,,
P17658,P17658,3742,,,
Q9BXD7,Q9BXD7,374286,,,
Q7LD69,Q7LD69,374291,,,
Q96RP8,Q96RP8,3743,,,
Q6P9A2,Q6P9A2,374378,,,
Q68D85,Q68D85,374383,,,
Q16322,Q16322,3744,,,
P59910,P59910,374407,,,
Q7Z794,Q7Z794,374454,,,
A0A087WZU1,A0A087WZU1,374462,,,
Q14721,Q14721,3745,,,
Q86U10,Q86U10,374569,,,
P48547,P48547,3746,,,
Q2M1P5,Q2M1P5,374654,,,
Q8N4P3,Q8N4P3,374659,,,
Q96PR1,Q96PR1,3747,,,
Q14003,Q14003,3748,,,
Q69YZ7,Q69YZ7,374868,,,
Q32M78,Q32M78,374879,,,
Q3KNS6,Q3KNS6,374899,,,
Q03721,Q03721,3749,,,
Q96AZ9,Q96AZ9,374900,,,
Q7Z7M8,Q7Z7M8,374907,,,
Q6PK81,Q6PK81,374928,,,
P84077,P84077,375,,,
Q9NSA2,Q9NSA2,3750,,,
Q9NZV8,Q9NZV8,3751,,,
Q8NHR9,Q8NHR9,375189,,,
Q9UK17,Q9UK17,3752,,,
Q49MI3,Q49MI3,375298,,,
Q6FHJ6,Q6FHJ6,3753,,,
Q8IXF9,Q8IXF9,375318,,,
Q9H3M0,Q9H3M0,3754,,,
J3QT34,J3QT34,375449,,,
Q9UIX4,Q9UIX4,3755,,,
Q6PEY0,Q6PEY0,375519,,,
Q86UV7,Q86UV7,375593,,,
O95259,O95259,3756,,,
P58743,P58743,375611,,,
Q15BH2,Q15BH2,3757,,,
Q7Z6K3,Q7Z6K3,375743,,,
Q6ZV29,Q6ZV29,375775,,,
P48048,P48048,3758,,,
P63252,P63252,3759,,,
P48549,P48549,3760,,,
P48050,P48050,3761,,,
P48544,P48544,3762,,,
P59190,P59190,376267,,,
P48051,P48051,3763,,,
Q15842,Q15842,3764,,,
Q6PCB7,Q6PCB7,376497,,,
Q92806,Q92806,3765,,,
P78508,P78508,3766,,,
B2RC52,B2RC52,3767,,,
Q14500,Q14500,3768,,,
O60928,O60928,3769,,,
P61204,P61204,377,,,
Q9UNX9,Q9UNX9,3770,,,
Q0D2K2,Q0D2K2,377007,,,
Q99712,Q99712,3772,,,
Q9NPI9,Q9NPI9,3773,,,
O00180,O00180,3775,,,
U3N834,U3N834,3776,,,
Q6R6M4,Q6R6M4,377630,,,
Q8N1Q1,Q8N1Q1,377677,,,
O14649,O14649,3777,,,
Q59FH2,Q59FH2,3778,,,
Q5MY95,Q5MY95,377841,,,
Q16558,Q16558,3779,,,
P18085,P18085,378,,,
Q92952,Q92952,3780,,,
Q9H2S1,Q9H2S1,3781,,,
Q86UV6,Q86UV6,378108,,,
Q9UGI6,Q9UGI6,3782,,,
O15554,O15554,3783,,,
Q96AI9,Q96AI9,3784,,,
O43526,O43526,3785,,,
O43525,O43525,3786,,,
Q96KK3,Q96KK3,3787,,,
Q8N2Z9,Q8N2Z9,378708,,,
Q9ULS6,Q9ULS6,3788,,,
Q7RTX7,Q7RTX7,378807,,,
Q6VVB1,Q6VVB1,378884,,,
P49703,P49703,379,,,
Q9BQ31,Q9BQ31,3790,,,
P35968,P35968,3791,,,
P23276,P23276,3792,,,
P50053,P50053,3795,,,
O00139,O00139,3796,,,
O14782,O14782,3797,,,
Q12840,Q12840,3798,,,
V9HW29,V9HW29,3799,,,
P24752,P24752,38,,,
Q59GB8,Q59GB8,3800,,,
Q9BVG8,Q9BVG8,3801,,,
Q6H2H3,Q6H2H3,3802,,,
Q8N742,Q8N742,3803,,,
P43628,P43628,3804,,,
Q99706,Q99706,3805,,,
Q14954,Q14954,3806,,,
Q14952,Q14952,3808,,,
Q8NHJ0,Q8NHJ0,3809,,,
P84085,P84085,381,,,
A0A0C4ZMZ1,A0A0C4ZMZ1,3810,,,
Q8N6C9,Q8N6C9,3811,,,
Q8NHI6,Q8NHI6,3812,,,
P10721,P10721,3815,,,
P06870,P06870,3816,,,
P20151,P20151,3817,,,
P03952,P03952,3818,,,
P62330,P62330,382,,,
Q12918,Q12918,3820,,,
P26717,P26717,3822,,,
Q07444,Q07444,3823,,,
Q53ZY6,Q53ZY6,3824,,,
P01042,P01042,3827,,,
P05089,P05089,383,,,
Q7RTQ2,Q7RTQ2,3831,,,
P52732,P52732,3832,,,
Q9BW19,Q9BW19,3833,,,
Q9UIL4,Q9UIL4,3834,,,
Q14807,Q14807,3835,,,
P52294,P52294,3836,,,
Q14974,Q14974,3837,,,
Q7Z726,Q7Z726,3838,,,
P78540,P78540,384,,,
Q92973,Q92973,3842,,,
P01116,P01116,3845,,,
P04264,P04264,3848,,,
P35908,P35908,3849,,,
P12035,P12035,3850,,,
B4DRS2,B4DRS2,3851,,,
P13647,P13647,3852,,,
P02538,P02538,3853,,,
P04259,P04259,3854,,,
P08729,P08729,3855,,,
Q7L4M3,Q7L4M3,3856,,,
P35527,P35527,3857,,,
P13645,P13645,3858,,,
Q99456,Q99456,3859,,,
P13646,P13646,3860,,,
P02533,P02533,3861,,,
P19012,P19012,3866,,,
Q86SM5,Q86SM5,386746,,,
P08779,P08779,3868,,,
Q9BVT0,Q9BVT0,387,,,
B7Z7H3,B7Z7H3,387032,,,
Q6EEV6,Q6EEV6,387082,,,
Q5SZL2,Q5SZL2,387119,,,
Q6W5P4,Q6W5P4,387129,,,
Q14666,Q14666,3872,,,
Q6SJ96,Q6SJ96,387332,,,
Q6T310,Q6T310,387496,,,
P05783,P05783,3875,,,
Q6NV75,Q6NV75,387509,,,
A5PLL7,A5PLL7,387521,,,
Q13404,Q13404,387522,,,
Q6T423,Q6T423,387601,,,
Q6P0Q7,Q6P0Q7,387680,,,
Q6ZSM3,Q6ZSM3,387700,,,
A6NNB3,A6NNB3,387733,,,
Q8NGI3,Q8NGI3,387748,,,
Q63ZE4,Q63ZE4,387775,,,
Q5MJ68,Q5MJ68,387778,,,
A6NK58,A6NK58,387787,,,
Q2HXU8,Q2HXU8,387837,,,
Q9NQR1,Q9NQR1,387893,,,
Q6UXN7,Q6UXN7,387990,,,
P62745,P62745,388,,,
P08727,P08727,3880,,,
Q15323,Q15323,3881,,,
Q14532,Q14532,3882,,,
Q52WX2,Q52WX2,388228,,,
O76009,O76009,3883,,,
Q8NHW4,Q8NHW4,388372,,,
Q14525,Q14525,3884,,,
B2RU33,B2RU33,388468,,,
O76011,O76011,3885,,,
Q6ZS10,Q6ZS10,388512,,,
Q6PG37,Q6PG37,388536,,,
Q2WEN9,Q2WEN9,388551,,,
Q86XN6,Q86XN6,388561,,,
Q6ECI4,Q6ECI4,388566,,,
O43361,O43361,388567,,,
Q6AW86,Q6AW86,388569,,,
Q5TA89,Q5TA89,388585,,,
Q92764,Q92764,3886,,,
Q9H1V8,Q9H1V8,388662,,,
Q5D862,Q5D862,388698,,,
Q14533,Q14533,3887,,,
A6NHC0,A6NHC0,388743,,,
Q5JTJ3,Q5JTJ3,388753,,,
Q9NSB4,Q9NSB4,3888,,,
P78385,P78385,3889,,,
Q8N831,Q8N831,388951,,,
P08134,P08134,389,,,
Q9NSB2,Q9NSB2,3890,,,
Q6AI14,Q6AI14,389015,,,
Q6BEB4,Q6BEB4,389058,,,
Q6IFH4,Q6IFH4,389090,,,
P78386,P78386,3891,,,
Q6ZS27,Q6ZS27,389114,,,
A6H8M9,A6H8M9,389118,,,
O43790,O43790,3892,,,
A8MXD5,A8MXD5,389207,,,
Q6ZWK6,Q6ZWK6,389208,,,
Q5JS54,Q5JS54,389362,,,
Q6ZN17,Q6ZN17,389421,,,
Q6PHW0,Q6PHW0,389434,,,
Q86UP2,Q86UP2,3895,,,
Q8NHW3,Q8NHW3,389692,,,
P32004,P32004,3897,,,
Q6ZN16,Q6ZN16,389840,,,
Q96QH8,Q96QH8,389852,,,
A6NNY8,A6NNY8,389856,,,
Q5JXB2,Q5JXB2,389898,,,
Q8NAP7,Q8NAP7,3899,,,
Q9BWD1,Q9BWD1,39,,,
P61587,P61587,390,,,
Q9UD57,Q9UD57,390010,,,
Q8NGK4,Q8NGK4,390036,,,
Q8NGK6,Q8NGK6,390037,,,
Q8NGF3,Q8NGF3,390038,,,
Q9H2C5,Q9H2C5,390054,,,
Q9H340,Q9H340,390058,,,
Q9H341,Q9H341,390059,,,
Q8NH59,Q8NH59,390061,,,
Q9H343,Q9H343,390063,,,
Q9H344,Q9H344,390064,,,
Q9H346,Q9H346,390066,,,
Q8NGJ2,Q8NGJ2,390067,,,
Q8NGI2,Q8NGI2,390072,,,
Q8NH56,Q8NH56,390075,,,
Q8NGI0,Q8NGI0,390077,,,
Q96RD3,Q96RD3,390078,,,
Q6IFG1,Q6IFG1,390079,,,
Q8NGH9,Q8NGH9,390081,,,
Q8NH54,Q8NH54,390083,,,
P0C7T3,P0C7T3,390084,,,
Q8NH74,Q8NH74,390093,,,
Q8NH49,Q8NH49,390113,,,
Q8NGL4,Q8NGL4,390142,,,
Q8NGK9,Q8NGK9,390144,,,
Q8NH69,Q8NH69,390148,,,
Q8N162,Q8N162,390151,,,
Q8N146,Q8N146,390152,,,
Q8NGG3,Q8NGG3,390154,,,
Q8NG75,Q8NG75,390155,,,
Q8NGG5,Q8NGG5,390157,,,
Q8NGP3,Q8NGP3,390162,,,
Q6IEU7,Q6IEU7,390167,,,
Q8NGP8,Q8NGP8,390168,,,
Q8NH87,Q8NH87,390174,,,
Q8NH90,Q8NH90,390181,,,
Q96R09,Q96R09,390190,,,
Q96R08,Q96R08,390191,,,
Q8NGI8,Q8NGI8,390195,,,
Q8NGI6,Q8NGI6,390197,,,
Q8NGE8,Q8NGE8,390199,,,
P18627,P18627,3902,,,
Q8NGI7,Q8NGI7,390201,,,
Q8TDT2,Q8TDT2,390212,,,
I1YAP7,I1YAP7,390231,,,
A6ND01,A6ND01,390243,,,
B2RXH2,B2RXH2,390245,,,
Q8NH79,Q8NH79,390260,,,
Q8NGM8,Q8NGM8,390261,,,
Q8NGN3,Q8NGN3,390264,,,
Q8NGN6,Q8NGN6,390265,,,
Q8NGG8,Q8NGG8,390271,,,
Q8NGG7,Q8NGG7,390275,,,
Q6GTX8,Q6GTX8,3903,,,
Q96RD1,Q96RD1,390321,,,
A6NL08,A6NL08,390323,,,
A6NM76,A6NM76,390326,,,
A6NIJ9,A6NIJ9,390327,,,
Q6ISS4,Q6ISS4,3904,,,
Q8NGD1,Q8NGD1,390429,,,
Q8NGD2,Q8NGD2,390431,,,
Q8NH42,Q8NH42,390433,,,
Q8NGC6,Q8NGC6,390436,,,
Q8IXE1,Q8IXE1,390437,,,
Q8NGC1,Q8NGC1,390439,,,
Q8NGC9,Q8NGC9,390442,,,
Q8NGC0,Q8NGC0,390445,,,
S4UD68,S4UD68,390502,,,
Q8NGB6,Q8NGB6,390538,,,
P00709,P00709,3906,,,
Q6ZNW5,Q6ZNW5,390637,,,
Q8NGB9,Q8NGB9,390648,,,
Q8NGB8,Q8NGB8,390649,,,
B6RF28,B6RF28,390748,,,
A6NH57,A6NH57,390790,,,
Q6A163,Q6A163,390792,,,
Q59H37,Q59H37,3908,,,
Q8NG99,Q8NG99,390882,,,
Q8NG95,Q8NG95,390883,,,
O76100,O76100,390892,,,
Q16787,Q16787,3909,,,
A8MXV4,A8MXV4,390916,,,
Q6ZN11,Q6ZN11,390927,,,
Q5TGS1,Q5TGS1,390992,,,
Q6ICQ8,Q6ICQ8,391,,,
Q16363,Q16363,3910,,,
J3KMZ3,J3KMZ3,391013,,,
O15230,O15230,3911,,,
Q6IF99,Q6IF99,391107,,,
Q8NGX5,Q8NGX5,391109,,,
Q8NGX8,Q8NGX8,391112,,,
Q8NGY3,Q8NGY3,391114,,,
Q8NGX0,Q8NGX0,391189,,,
Q8NGY9,Q8NGY9,391190,,,
Q8NG84,Q8NG84,391191,,,
Q8NG85,Q8NG85,391192,,,
Q96R28,Q96R28,391194,,,
Q8NG76,Q8NG76,391195,,,
Q8NG81,Q8NG81,391196,,,
Q8TAS6,Q8TAS6,3912,,,
Q5TZ20,Q5TZ20,391211,,,
P55268,P55268,3913,,,
A0A0F7RQT4,A0A0F7RQT4,391322,,,
Q13751,Q13751,3914,,,
Q6NVY8,Q6NVY8,3915,,,
P11279,P11279,3916,,,
Q5EBN2,Q5EBN2,391712,,,
Q13753,Q13753,3918,,,
Q07960,Q07960,392,,,
P13473,P13473,3920,,,
P08865,P08865,3921,,,
A4D2G3,A4D2G3,392138,,,
Q6KF10,Q6KF10,392255,,,
Q8NGT2,Q8NGT2,392309,,,
Q8NGS9,Q8NGS9,392376,,,
Q8NGR2,Q8NGR2,392390,,,
Q8NGR4,Q8NGR4,392391,,,
Q8NGR3,Q8NGR3,392392,,,
P16949,P16949,3925,,,
Q5H913,Q5H913,392509,,,
P0C7U0,P0C7U0,392617,,,
X5D773,X5D773,392636,,,
Q8TCF0,Q8TCF0,3929,,,
Q14739,Q14739,3930,,,
Q96R48,Q96R48,393046,,,
P04180,P04180,3931,,,
P06239,P06239,3932,,,
P13796,P13796,3936,,,
Q13094,Q13094,3937,,,
P09848,P09848,3938,,,
P00338,P00338,3939,,,
Q13017,Q13017,394,,,
Q5U077,Q5U077,3945,,,
P07864,P07864,3948,,,
P01130,P01130,3949,,,
P41159,P41159,3952,,,
P48357,P48357,3953,,,
O95202,O95202,3954,,,
Q8NES3,Q8NES3,3955,,,
P09382,P09382,3956,,,
P05162,P05162,3957,,,
Q08380,Q08380,3959,,,
V9HWE8,V9HWE8,396,,,
Q6FHZ4,Q6FHZ4,3960,,,
P47929,P47929,3963,,,
O00214,O00214,3964,,,
O00182,O00182,3965,,,
P52566,P52566,397,,,
P01229,P01229,3972,,,
P22888,P22888,3973,,,
Q58F18,Q58F18,3975,,,
P15018,P15018,3976,,,
P42702,P42702,3977,,,
P18858,P18858,3978,,,
Q99819,Q99819,398,,,
P49916,P49916,3980,,,
P49917,P49917,3981,,,
O14639,O14639,3983,,,
P53667,P53667,3984,,,
P53671,P53671,3985,,,
P38571,P38571,3988,,,
Q6ICP4,Q6ICP4,399,,,
P11150,P11150,3990,,,
Q05469,Q05469,3991,,,
O60427,O60427,3992,,,
Q6P1M3,Q6P1M3,3993,,,
Q2MJR0,Q2MJR0,399473,,,
Q9Y5Q0,Q9Y5Q0,3995,,,
Q3KQZ1,Q3KQZ1,399512,,,
Q15334,Q15334,3996,,,
Q86XN8,Q86XN8,399664,,,
Q92614,Q92614,399687,,,
Q6S5L8,Q6S5L8,399694,,,
P49257,P49257,3998,,,
Q6ZQN5,Q6ZQN5,399823,,,
C9J1S8,C9J1S8,399939,,,
E9PLV3,E9PLV3,399979,,,
Q16515,Q16515,40,,,
P40616,P40616,400,,,
P02545,P02545,4000,,,
B4DZT3,B4DZT3,4001,,,
P25791,P25791,4005,,,
Q9P086,Q9P086,400569,,,
Q68DY9,Q68DY9,400720,,,
Q8WWI1,Q8WWI1,4008,,,
Q8TE12,Q8TE12,4009,,,
Q6ZMW3,Q6ZMW3,400954,,,
P0DJD0,P0DJD0,400966,,,
O14813,O14813,401,,,
B7ZLH2,B7ZLH2,4010,,,
Q6ZVZ8,Q6ZVZ8,401036,,,
Q9UIQ6,Q9UIQ6,4012,,,
Q9H511,Q9H511,401265,,,
P23490,P23490,4014,,,
A4D1S5,A4D1S5,401409,,,
Q96R45,Q96R45,401427,,,
Q5VWC8,Q5VWC8,401494,,,
B7ZAJ4,B7ZAJ4,4015,,,
Q8N4H5,Q8N4H5,401505,,,
Q6IPU0,Q6IPU0,401541,,,
Q5VWJ9,Q5VWJ9,401548,,,
Q08397,Q08397,4016,,,
Q8NGJ9,Q8NGJ9,401665,,,
Q8NGJ6,Q8NGJ6,401666,,,
Q8NGJ7,Q8NGJ7,401667,,,
Q9Y4K0,Q9Y4K0,4017,,,
Q6IF00,Q6IF00,401992,,,
Q6IEZ7,Q6IEZ7,401993,,,
A6ND48,A6ND48,401994,,,
P36404,P36404,402,,,
Q8NHB8,Q8NHB8,402135,,,
P06858,P06858,4023,,,
Q8NGT9,Q8NGT9,402317,,,
P22079,P22079,4025,,,
Q93052,Q93052,4026,,,
A6NGN9,A6NGN9,402665,,,
P36405,P36405,403,,,
Q8NH04,Q8NH04,403239,,,
Q6IF82,Q6IF82,403253,,,
A6NHG9,A6NHG9,403273,,,
A6NET4,A6NET4,403277,,,
A6NMS3,A6NMS3,403278,,,
A6NJZ3,A6NJZ3,403282,,,
A6NDL8,A6NDL8,403284,,,
Q8WW27,Q8WW27,403314,,,
Q8NCN2,Q8NCN2,403341,,,
Q59FG2,Q59FG2,4035,,,
Q7Z5C1,Q7Z5C1,4036,,,
O75581,O75581,4040,,,
Q86UW8,Q86UW8,404037,,,
O75197,O75197,4041,,,
O15391,O15391,404281,,,
Q13449,Q13449,4045,,,
P33241,P33241,4046,,,
Q6ZYL4,Q6ZYL4,404672,,,
P48449,P48449,4047,,,
Q8IWZ3,Q8IWZ3,404734,,,
Q6S5H5,Q6S5H5,404785,,,
P09960,P09960,4048,,,
Q5STV3,Q5STV3,4049,,,
P27540,P27540,405,,,
Q5STB2,Q5STB2,4050,,,
Q08477,Q08477,4051,,,
Q14766,Q14766,4052,,,
Q14767,Q14767,4053,,,
Q9NS15,Q9NS15,4054,,,
P36941,P36941,4055,,,
Q16873,Q16873,4056,,,
P02788,P02788,4057,,,
Q1HG44,Q1HG44,405753,,,
P29376,P29376,4058,,,
P50895,P50895,4059,,,
O00327,O00327,406,,,
P51884,P51884,4060,,,
Q16553,Q16553,4061,,,
O94772,O94772,4062,,,
Q9HBG7,Q9HBG7,4063,,,
Q99467,Q99467,4064,,,
Q59H44,Q59H44,4065,,,
P12980,P12980,4066,,,
Q6NUK7,Q6NUK7,4067,,,
O60880,O60880,4068,,,
P61626,P61626,4069,,,
P36575,P36575,407,,,
P09758,P09758,4070,,,
P16422,P16422,4072,,,
F5GX30,F5GX30,4074,,,
Q14444,Q14444,4076,,,
Q14596,Q14596,4077,,,
P49407,P49407,408,,,
Q6NVI1,Q6NVI1,4082,,,
Q05195,Q05195,4084,,,
Q13257,Q13257,4085,,,
Q15797,Q15797,4086,,,
Q53XR6,Q53XR6,4087,,,
P84022,P84022,4088,,,
Q13485,Q13485,4089,,,
Q59EM5,Q59EM5,409,,,
Q99717,Q99717,4090,,,
O43541,O43541,4091,,,
O15105,O15105,4092,,,
O15198,O15198,4093,,,
O75444,O75444,4094,,,
O15525,O15525,4097,,,
P20916,P20916,4099,,,
P78348,P78348,41,,,
P15289,P15289,410,,,
P15848,P15848,411,,,
P61326,P61326,4116,,,
P20794,P20794,4117,,,
P08842,P08842,412,,,
P33908,P33908,4121,,,
Q9P1E4,Q9P1E4,4122,,,
Q9NTJ4,Q9NTJ4,4123,,,
Q16706,Q16706,4124,,,
O00754,O00754,4125,,,
O00462,O00462,4126,,,
Q53YE7,Q53YE7,4128,,,
P27338,P27338,4129,,,
Q504X9,Q504X9,4130,,,
Q86X89,Q86X89,4131,,,
Q6NYC5,Q6NYC5,4133,,,
P27816,P27816,4134,,,
Q96JE9,Q96JE9,4135,,,
P10636,P10636,4137,,,
A0A087X0I6,A0A087X0I6,4139,,,
P51689,P51689,414,,,
Q86U11,Q86U11,4140,,,
Q8WWF6,Q8WWF6,414061,,,
P16619,P16619,414062,,,
P56192,P56192,4141,,,
W8W3P4,W8W3P4,4142,,,
Q00266,Q00266,4143,,,
Q8WTU0,Q8WTU0,414301,,,
Q5T6J7,Q5T6J7,414328,,,
P31153,P31153,4144,,,
P42679,P42679,4145,,,
O15232,O15232,4148,,,
P61244,P61244,4149,,,
P51690,P51690,415,,,
Q86V86,Q86V86,415116,,,
Q8N4C7,Q8N4C7,415117,,,
Q9UIS9,Q9UIS9,4152,,,
P11226,P11226,4153,,,
Q9NR56,Q9NR56,4154,,,
P02686,P02686,4155,,,
Q1JUL4,Q1JUL4,4157,,,
Q01718,Q01718,4158,,,
P41968,P41968,4159,,,
P54793,P54793,416,,,
P32245,P32245,4160,,,
P33032,P33032,4161,,,
P43121,P43121,4162,,,
Q9GZX3,Q9GZX3,4166,,,
P52961,P52961,417,,,
Q07820,Q07820,4170,,,
P49736,P49736,4171,,,
P25205,P25205,4172,,,
P33991,P33991,4173,,,
P33992,P33992,4174,,,
Q14566,Q14566,4175,,,
P33993,P33993,4176,,,
P15529,P15529,4179,,,
O75078,O75078,4185,,,
Q9UBS3,Q9UBS3,4189,,,
Q13508,Q13508,419,,,
P40925,P40925,4190,,,
P40926,P40926,4191,,,
P21741,P21741,4192,,,
A7UKX9,A7UKX9,4193,,,
Q59FS6,Q59FS6,4194,,,
P48163,P48163,4199,,,
Q93070,Q93070,420,,,
P23368,P23368,4200,,,
Q59FJ6,Q59FJ6,4204,,,
Q02078,Q02078,4205,,,
Q02080,Q02080,4207,,,
Q06413,Q06413,4208,,,
Q14814,Q14814,4209,,,
O15553,O15553,4210,,,
O00470,O00470,4211,,,
O14770,O14770,4212,,,
Q13233,Q13233,4214,,,
Q99759,Q99759,4215,,,
Q9Y6R4,Q9Y6R4,4216,,,
Q99683,Q99683,4217,,,
P61006,P61006,4218,,,
O00255,O00255,4221,,,
P50221,P50221,4222,,,
P50222,P50222,4223,,,
Q16819,Q16819,4224,,,
Q16820,Q16820,4225,,,
P08581,P08581,4233,,,
Q9UBP6,Q9UBP6,4234,,,
P55081,P55081,4236,,,
X6R3G6,X6R3G6,4240,,,
P08582,P08582,4241,,,
O00587,O00587,4242,,,
P26572,P26572,4245,,,
Q10469,Q10469,4247,,,
Q09327,Q09327,4248,,,
Q09328,Q09328,4249,,,
P21583,P21583,4254,,,
B4DEE8,B4DEE8,4255,,,
P08493,P08493,4256,,,
P10620,P10620,4257,,,
Q99735,Q99735,4258,,,
O14880,O14880,4259,,,
Q66X48,Q66X48,4261,,,
P14209,P14209,4267,,,
Q53H01,Q53H01,427,,,
Q29980,Q29980,4277,,,
O15344,O15344,4281,,,
P14174,P14174,4282,,,
Q07325,Q07325,4283,,,
P30301,P30301,4284,,,
Q99797,Q99797,4285,,,
O75030,O75030,4286,,,
P54252,P54252,4287,,,
P46013,P46013,4288,,,
P50553,P50553,429,,,
Q5HYH4,Q5HYH4,4291,,,
P40692,P40692,4292,,,
Q8NEB1,Q8NEB1,4293,,,
Q02779,Q02779,4294,,,
P12872,P12872,4295,,,
Q16584,Q16584,4296,,,
Q03164,Q03164,4297,,,
Q03111,Q03111,4298,,,
Q14C88,Q14C88,4299,,,
P22303,P22303,43,,,
Q99929,Q99929,430,,,
P42568,P42568,4300,,,
P55196,P55196,4301,,,
P98177,P98177,4303,,,
P08235,P08235,4306,,,
Q7Z4N2,Q7Z4N2,4308,,,
P08473,P08473,4311,,,
B4DN15,B4DN15,4312,,,
P08253,P08253,4313,,,
P08254,P08254,4314,,,
P09237,P09237,4316,,,
P22894,P22894,4317,,,
Q2M5E4,Q2M5E4,431704,,,
Q6HA08,Q6HA08,431705,,,
Q68G74,Q68G74,431707,,,
P14780,P14780,4318,,,
P09238,P09238,4319,,,
P07306,P07306,432,,,
P24347,P24347,4320,,,
P39900,P39900,4321,,,
Q53H33,Q53H33,4322,,,
P50281,P50281,4323,,,
P51511,P51511,4324,,,
P51512,P51512,4325,,,
Q9ULZ9,Q9ULZ9,4326,,,
Q99542,Q99542,4327,,,
Q02252,Q02252,4329,,,
P07307,P07307,433,,,
P51948,P51948,4331,,,
Q99583,Q99583,4335,,,
Q9NZB8,Q9NZB8,4337,,,
O96007,O96007,4338,,,
P42127,P42127,434,,,
Q16653,Q16653,4340,,,
P00540,P00540,4342,,,
Q9HCE1,Q9HCE1,4343,,,
P41217,P41217,4345,,,
P04424,P04424,435,,,
P29372,P29372,4350,,,
Q8NHZ6,Q8NHZ6,4351,,,
P40238,P40238,4352,,,
P05164,P05164,4353,,,
P25325,P25325,4357,,,
P39210,P39210,4358,,,
P25189,P25189,4359,,,
P22897,P22897,4360,,,
Q05D78,Q05D78,4361,,,
P33527,P33527,4363,,,
P46597,P46597,438,,,
Q9P0G3,Q9P0G3,43847,,,
Q9UKR0,Q9UKR0,43849,,,
O43681,O43681,439,,,
Q5T764,Q5T764,439996,,,
P08243,P08243,440,,,
A6NK97,A6NK97,440044,,,
Q9UPP2,Q9UPP2,440073,,,
Q6ZN79,Q6ZN79,440077,,,
Q6NXT2,Q6NXT2,440093,,,
Q2TAA5,Q2TAA5,440138,,,
Q08AG7,Q08AG7,440145,,,
B2RN74,B2RN74,440153,,,
Q9P2K8,Q9P2K8,440275,,,
Q8NB66,Q8NB66,440279,,,
Q6GPI1,Q6GPI1,440387,,,
Q5JVG8,Q5JVG8,440515,,,
Q9UQ74,Q9UQ74,440533,,,
A0A096LP55,A0A096LP55,440567,,,
Q5TGZ0,Q5TGZ0,440574,,,
Q6WRX3,Q6WRX3,440590,,,
Q5QNW6,Q5QNW6,440689,,,
Q6ZTA4,Q6ZTA4,440730,,,
Q9BXW4,Q9BXW4,440738,,,
Q7Z3Z3,Q7Z3Z3,440822,,,
B7Z467,B7Z467,440854,,,
Q9H903,Q9H903,441024,,,
A6NNE9,A6NNE9,441061,,,
A6NP11,A6NP11,441234,,,
Q6NUM6,Q6NUM6,441250,,,
O95013,O95013,441308,,,
Q5SQ80,Q5SQ80,441430,,,
Q5JXX5,Q5JXX5,441509,,,
Q8N0Y7,Q8N0Y7,441531,,,
Q8NH48,Q8NH48,441608,,,
A1L157,A1L157,441631,,,
Q8NGE7,Q8NGE7,441639,,,
Q8NH05,Q8NH05,441669,,,
Q8NGD0,Q8NGD0,441670,,,
Q5JRS4,Q5JRS4,441911,,,
Q8NGZ3,Q8NGZ3,441933,,,
Q6IMI6,Q6IMI6,442038,,,
Q49A17,Q49A17,442117,,,
O76000,O76000,442184,,,
O76001,O76001,442186,,,
Q9UGF5,Q9UGF5,442191,,,
Q96KK4,Q96KK4,442194,,,
A8MUV8,A8MUV8,442319,,,
Q6IF42,Q6IF42,442361,,,
Q5VYV0,Q5VYV0,442425,,,
Q6FH48,Q6FH48,443,,,
O43795,O43795,4430,,,
P43246,P43246,4436,,,
P20585,P20585,4437,,,
O15457,O15457,4438,,,
O43196,O43196,4439,,,
Q12797,Q12797,444,,,
O43347,O43347,4440,,,
Q5T6L4,Q5T6L4,445,,,
Q1ET61,Q1ET61,445329,,,
B2RNG4,B2RNG4,445372,,,
Q6S8J3,Q6S8J3,445582,,,
Q9Y2D5,Q9Y2D5,445815,,,
V9HWC0,V9HWC0,4478,,,
P21757,P21757,4481,,,
Q9UJ68,Q9UJ68,4482,,,
Q04912,Q04912,4486,,,
P28360,P28360,4487,,,
P35548,P35548,4488,,,
P04731,P04731,4489,,,
P07438,P07438,4490,,,
P04732,P04732,4493,,,
P04733,P04733,4494,,,
P13640,P13640,4495,,,
P80294,P80294,4496,,,
Q8N339,Q8N339,4499,,,
P80297,P80297,4501,,,
P02795,P02795,4502,,,
P25713,P25713,4504,,,
Q13126,Q13126,4507,,,
Q0ZFE3,Q0ZFE3,4508,,,
U5YV54,U5YV54,4509,,,
U5YWV7,U5YWV7,4512,,,
U5Z487,U5Z487,4513,,,
Q7GIM7,Q7GIM7,4514,,,
P56278,P56278,4515,,,
Q0ZFD6,Q0ZFD6,4519,,,
P36639,P36639,4521,,,
P11586,P11586,4522,,,
Q8IU67,Q8IU67,4524,,,
Q6P1N2,Q6P1N2,4528,,,
Q13496,Q13496,4534,,,
U5Z754,U5Z754,4535,,,
Q7GXY9,Q7GXY9,4536,,,
Q7GXZ5,Q7GXZ5,4537,,,
P03905,P03905,4538,,,
Q7GXZ4,Q7GXZ4,4539,,,
U5ZC31,U5ZC31,4540,,,
U5Z977,U5Z977,4541,,,
Q4LE34,Q4LE34,4542,,,
P48039,P48039,4543,,,
P49286,P49286,4544,,,
P55157,P55157,4547,,,
Q99707,Q99707,4548,,,
Q9UBK8,Q9UBK8,4552,,,
Q13505,Q13505,4580,,,
P15941,P15941,4582,,,
Q02817,Q02817,4583,,,
Q8TAX7,Q8TAX7,4589,,,
O94972,O94972,4591,,,
O15146,O15146,4593,,,
P22033,P22033,4594,,,
Q9UIF7,Q9UIF7,4595,,,
P53602,P53602,4597,,,
Q03426,Q03426,4598,,,
P20591,P20591,4599,,,
P50539,P50539,4601,,,
P10242,P10242,4602,,,
P10243,P10243,4603,,,
Q86TA8,Q86TA8,4604,,,
P10244,P10244,4605,,,
Q14324,Q14324,4606,,,
Q14896,Q14896,4607,,,
P01106,P01106,4609,,,
P12524,P12524,4610,,,
P04198,P04198,4613,,,
Q99836,Q99836,4615,,,
O75293,O75293,4616,,,
P13349,P13349,4617,,,
P23409,P23409,4618,,,
P12882,P12882,4619,,,
P01008,P01008,462,,,
Q9UKX2,Q9UKX2,4620,,,
Q5GJ67,Q5GJ67,4621,,,
Q9Y623,Q9Y623,4622,,,
P13533,P13533,4624,,,
P12883,P12883,4625,,,
P13535,P13535,4626,,,
P35579,P35579,4627,,,
P35580,P35580,4628,,,
P35749,P35749,4629,,,
Q15911,Q15911,463,,,
P05976,P05976,4632,,,
Q6IB42,Q6IB42,4633,,,
P08590,P08590,4634,,,
P12829,P12829,4635,,,
Q02045,Q02045,4636,,,
P60660,P60660,4637,,,
Q15746,Q15746,4638,,,
Q9UBC5,Q9UBC5,4640,,,
O00159,O00159,4641,,,
O94832,O94832,4642,,,
Q4KMR3,Q4KMR3,4643,,,
Q9Y4I1,Q9Y4I1,4644,,,
Q9ULV0,Q9ULV0,4645,,,
Q9UM54,Q9UM54,4646,,,
Q13402,Q13402,4647,,,
Q6PIF6,Q6PIF6,4648,,,
B2RTY4,B2RTY4,4649,,,
Q8WVD2,Q8WVD2,4650,,,
Q9HD67,Q9HD67,4651,,,
P15172,P15172,4654,,,
P15173,P15173,4656,,,
O14974,O14974,4659,,,
P18846,P18846,466,,,
O60237,O60237,4660,,,
Q13765,Q13765,4666,,,
P17050,P17050,4668,,,
P54802,P54802,4669,,,
P18847,P18847,467,,,
Q59ES8,Q59ES8,4670,,,
Q13075,Q13075,4671,,,
P55209,P55209,4673,,,
Q9ULW6,Q9ULW6,4674,,,
Q99457,Q99457,4675,,,
Q99733,Q99733,4676,,,
O43776,O43776,4677,,,
P49321,P49321,4678,,,
Q96AQ3,Q96AQ3,468,,,
P40199,P40199,4680,,,
P41271,P41271,4681,,,
O60934,O60934,4683,,,
P13591,P13591,4684,,,
O15394,O15394,4685,,,
Q09161,Q09161,4686,,,
P19878,P19878,4688,,,
Q15080,Q15080,4689,,,
P16333,P16333,4690,,,
P19338,P19338,4691,,,
X5D982,X5D982,4692,,,
Q6IBB5,Q6IBB5,4694,,,
O43678,O43678,4695,,,
Q6FGG4,Q6FGG4,4696,,,
O00483,O00483,4697,,,
Q16718,Q16718,4698,,,
P53396,P53396,47,,,
P56556,P56556,4700,,,
O95182,O95182,4701,,,
P51970,P51970,4702,,,
Q14214,Q14214,4703,,,
Q16795,Q16795,4704,,,
O95299,O95299,4705,,,
O14561,O14561,4706,,,
O75438,O75438,4707,,,
O95178,O95178,4708,,,
O43676,O43676,4709,,,
V9HWH7,V9HWH7,471,,,
O95168,O95168,4710,,,
O43674,O43674,4711,,,
A0A087WZX2,A0A087WZX2,4712,,,
P17568,P17568,4713,,,
O95169,O95169,4714,,,
O96000,O96000,4716,,,
O43677,O43677,4717,,,
O95298,O95298,4718,,,
P28331,P28331,4719,,,
Q13315,Q13315,472,,,
O75306,O75306,4720,,,
O75489,O75489,4722,,,
P49821,P49821,4723,,,
O43181,O43181,4724,,,
Q6IBA0,Q6IBA0,4725,,,
Q6IBC4,Q6IBC4,4726,,,
O00217,O00217,4728,,,
P19404,P19404,4729,,,
Q9P2R6,Q9P2R6,473,,,
P56181,P56181,4731,,,
P46934,P46934,4734,,,
Q15019,Q15019,4735,,,
P62906,P62906,4736,,,
Q15843,Q15843,4738,,,
Q14511,Q14511,4739,,,
Q92858,Q92858,474,,,
Q9UK51,Q9UK51,4741,,,
P0C5Z0,P0C5Z0,474381,,,
P0C5Y9,P0C5Y9,474382,,,
P12036,P12036,4744,,,
P07196,P07196,4747,,,
O00244,O00244,475,,,
Q96PY6,Q96PY6,4750,,,
P51955,P51955,4751,,,
P51956,P51956,4752,,,
Q92859,Q92859,4756,,,
Q99519,Q99519,4758,,,
Q9Y3R4,Q9Y3R4,4759,,,
P05023,P05023,476,,,
Q13562,Q13562,4760,,,
Q15784,Q15784,4761,,,
Q92886,Q92886,4762,,,
P21359,P21359,4763,,,
P50993,P50993,477,,,
P35240,P35240,4771,,,
O95644,O95644,4772,,,
Q13469,Q13469,4773,,,
Q12857,Q12857,4774,,,
Q12968,Q12968,4775,,,
Q14934,Q14934,4776,,,
Q16621,Q16621,4778,,,
Q8NF22,Q8NF22,4779,,,
Q53ES0,Q53ES0,478,,,
Q16236,Q16236,4780,,,
O00712,O00712,4781,,,
P08651,P08651,4782,,,
Q16649,Q16649,4783,,,
B4DHW2,B4DHW2,4784,,,
P54707,P54707,479,,,
P19838,P19838,4790,,,
Q00653,Q00653,4791,,,
P25963,P25963,4792,,,
Q15653,Q15653,4793,,,
Q96F31,Q96F31,4794,,,
Q9UBC1,Q9UBC1,4795,,,
Q96HA7,Q96HA7,4796,,,
Q6P4R8,Q6P4R8,4798,,,
Q12986,Q12986,4799,,,
V9HWB7,V9HWB7,48,,,
Q13733,Q13733,480,,,
P23511,P23511,4800,,,
P25208,P25208,4801,,,
Q13952,Q13952,4802,,,
P01138,P01138,4803,,,
P08138,P08138,4804,,,
Q5T203,Q5T203,4807,,,
Q02577,Q02577,4808,,,
Q6FHM6,Q6FHM6,4809,,,
P05026,P05026,481,,,
P14543,P14543,4811,,,
P14415,P14415,482,,,
P30414,P30414,4820,,,
O95096,O95096,4821,,,
Q99801,Q99801,4824,,,
P78426,P78426,4825,,,
P08949,P08949,4828,,,
P28336,P28336,4829,,,
P54709,P54709,483,,,
P15531,P15531,4830,,,
Q6FHN3,Q6FHN3,4831,,,
Q13232,Q13232,4832,,,
O00746,O00746,4833,,,
P16083,P16083,4835,,,
P30419,P30419,4836,,,
Q6FH49,Q6FH49,4837,,,
Q96S42,Q96S42,4838,,,
P46087,P46087,4839,,,
Q15233,Q15233,4841,,,
P29475,P29475,4842,,,
P35228,P35228,4843,,,
P29474,P29474,4846,,,
Q9NZN8,Q9NZN8,4848,,,
O75175,O75175,4849,,,
O95628,O95628,4850,,,
P46531,P46531,4851,,,
P01303,P01303,4852,,,
Q6IQ50,Q6IQ50,4853,,,
Q9UM47,Q9UM47,4854,,,
Q99466,Q99466,4855,,,
P51513,P51513,4857,,,
Q9UNW9,Q9UNW9,4858,,,
P54710,P54710,486,,,
V9HWH6,V9HWH6,4860,,,
Q99742,Q99742,4861,,,
Q99743,Q99743,4862,,,
O15118,O15118,4864,,,
O15259,O15259,4867,,,
P06748,P06748,4869,,,
Q7Z675,Q7Z675,487,,,
P01160,P01160,4878,,,
P16860,P16860,4879,,,
P16615,P16615,488,,,
P23582,P23582,4880,,,
P16066,P16066,4881,,,
P20594,P20594,4882,,,
Q60I31,Q60I31,4883,,,
P25929,P25929,4886,,,
P49146,P49146,4887,,,
Q15761,Q15761,4889,,,
Q93084,Q93084,489,,,
P49281,P49281,4891,,,
Q5U091,Q5U091,4893,,,
Q92823,Q92823,4897,,,
Q6UUU9,Q6UUU9,4898,,,
Q16656,Q16656,4899,,,
P10323,P10323,49,,,
P20020,P20020,490,,,
P54845,P54845,4901,,,
P67809,P67809,4904,,,
P46459,P46459,4905,,,
Q6NZX3,Q6NZX3,4907,,,
P20783,P20783,4908,,,
P34130,P34130,4909,,,
Q4LE63,Q4LE63,491,,,
P78549,P78549,4913,,,
P04629,P04629,4914,,,
Q5VWE5,Q5VWE5,4915,,,
Q96CY4,Q96CY4,4916,,,
O00634,O00634,4917,,,
Q01973,Q01973,4919,,,
Q16720,Q16720,492,,,
Q01974,Q01974,4920,,,
Q16832,Q16832,4921,,,
Q6FH20,Q6FH20,4922,,,
P30989,P30989,4923,,,
Q4LE64,Q4LE64,4926,,,
Q99567,Q99567,4927,,,
P52948,P52948,4928,,,
Q53EL4,Q53EL4,4929,,,
P23634,P23634,493,,,
O15381,O15381,4931,,,
P51810,P51810,4935,,,
Q86WW8,Q86WW8,493753,,,
P00973,P00973,4938,,,
Q6ZMU5,Q6ZMU5,493829,,,
Q8TED1,Q8TED1,493869,,,
Q7Z6D0,Q7Z6D0,4939,,,
Q8TCD6,Q8TCD6,493911,,,
Q9Y6K5,Q9Y6K5,4940,,,
Q96E39,Q96E39,494115,,,
Q5MNV8,Q5MNV8,494188,,,
P04181,P04181,4942,,,
Q6ZSG1,Q6ZSG1,494470,,,
P0C1S8,P0C1S8,494551,,,
J3QQY4,J3QQY4,4946,,,
Q658V6,Q658V6,495,,,
Q01968,Q01968,4952,,,
B4DXF8,B4DXF8,4953,,,
Q5BJF6,Q5BJF6,4957,,,
Q99983,Q99983,4958,,,
P51164,P51164,496,,,
Q02218,Q02218,4967,,,
O15527,O15527,4968,,,
Q7Z532,Q7Z532,4969,,,
P78380,P78380,4973,,,
P23515,P23515,4974,,,
O60313,O60313,4976,,,
Q14982,Q14982,4978,,,
P25705,P25705,498,,,
O00300,O00300,4982,,,
P41143,P41143,4985,,,
P41145,P41145,4986,,,
P56880,P56880,49861,,,
P41146,P41146,4987,,,
P35372,P35372,4988,,,
Q6P051,Q6P051,4990,,,
P34982,P34982,4991,,,
O43749,O43749,4992,,,
O95371,O95371,4993,,,
P47881,P47881,4994,,,
P47893,P47893,4995,,,
Q96F82,Q96F82,4998,,,
Q13416,Q13416,4999,,,
Q99798,Q99798,50,,,
O43929,O43929,5000,,,
Q53FC8,Q53FC8,5001,,,
Q96BI1,Q96BI1,5002,,,
P02763,P02763,5004,,,
P19652,P19652,5005,,,
P13725,P13725,5008,,,
P00480,P00480,5009,,,
P49419,P49419,501,,,
P32242,P32242,5013,,,
P32243,P32243,5015,,,
Q86YN0,Q86YN0,5016,,,
O14753,O14753,5017,,,
Q2M1J6,Q2M1J6,5018,,,
P55809,P55809,5019,,,
X5D7M6,X5D7M6,5020,,,
P30559,P30559,5021,,,
P51575,P51575,5023,,,
P56373,P56373,5024,,,
Q99571,Q99571,5025,,,
Q93086,Q93086,5026,,,
Q99572,Q99572,5027,,,
P47900,P47900,5028,,,
P41231,P41231,5029,,,
P51582,P51582,5030,,,
Q15077,Q15077,5031,,,
Q96G91,Q96G91,5032,,,
Q5VSQ6,Q5VSQ6,5033,,,
P07237,P07237,5034,,,
P0C7N5,P0C7N5,504190,,,
Q9H361,Q9H361,5042,,,
P09958,P09958,5045,,,
Q59H04,Q59H04,5046,,,
P43034,P43034,5048,,,
Q7LG56,Q7LG56,50484,,,
Q9NZC9,Q9NZC9,50485,,,
Q9NZ20,Q9NZ20,50487,,,
Q8N4C8,Q8N4C8,50488,,,
Q9UJ71,Q9UJ71,50489,,,
P68402,P68402,5049,,,
Q15102,Q15102,5050,,,
Q9NRD8,Q9NRD8,50506,,,
Q9HBY0,Q9HBY0,50508,,,
P25940,P25940,50509,,,
Q99487,Q99487,5051,,,
Q8IZU3,Q8IZU3,50511,,,
Q9NZ53,Q9NZ53,50512,,,
Q9NPF2,Q9NPF2,50515,,,
Q06830,Q06830,5052,,,
P00439,P00439,5053,,,
P05121,P05121,5054,,,
P05120,P05120,5055,,,
Q13153,Q13153,5058,,,
V9HW31,V9HW31,506,,,
Q9NYY1,Q9NYY1,50604,,,
Q9H347,Q9H347,50613,,,
Q9HCQ5,Q9HCQ5,50614,,,
Q9HBE5,Q9HBE5,50615,,,
Q9GZX6,Q9GZX6,50616,,,
Q9HBG4,Q9HBG4,50617,,,
Q13177,Q13177,5062,,,
Q8WUM5,Q8WUM5,50628,,,
O75914,O75914,5063,,,
Q9NYX4,Q9NYX4,50632,,,
Q6IWH7,Q6IWH7,50636,,,
O75781,O75781,5064,,,
Q9NP80,Q9NP80,50640,,,
Q9NTG0,Q9NTG0,50649,,,
A0A0A0MT80,A0A0A0MT80,50651,,,
P19021,P19021,5066,,,
Q9P232,Q9P232,5067,,,
Q9Y4Z2,Q9Y4Z2,50674,,,
Q8IWT8,Q8IWT8,5069,,,
Q9NYR8,Q9NYR8,50700,,,
X5DR79,X5DR79,5071,,,
Q5TAQ9,Q5TAQ9,50717,,,
O95453,O95453,5073,,,
A0A087WXV5,A0A087WXV5,5075,,,
Q02962,Q02962,5076,,,
P23760,P23760,5077,,,
O43316,O43316,5078,,,
Q02548,Q02548,5079,,,
Q66SS1,Q66SS1,5080,,,
Q9NYG8,Q9NYG8,50801,,,
Q9ULH1,Q9ULH1,50807,,,
Q9UIJ7,Q9UIJ7,50808,,,
P23759,P23759,5081,,,
Q9UBW8,Q9UBW8,50813,,,
Q15738,Q15738,50814,,,
Q2L4T1,Q2L4T1,5083,,,
Q9NYW6,Q9NYW6,50831,,,
Q9NYW5,Q9NYW5,50832,,,
Q9NYV7,Q9NYV7,50833,,,
Q9NYW7,Q9NYW7,50834,,,
Q9NYW1,Q9NYW1,50835,,,
Q9NYW2,Q9NYW2,50836,,,
Q9NYW3,Q9NYW3,50837,,,
Q9NYV9,Q9NYV9,50838,,,
Q9NYW0,Q9NYW0,50839,,,
Q9NYV8,Q9NYV8,50840,,,
O43323,O43323,50846,,,
Q9Y624,Q9Y624,50848,,,
Q9NPB6,Q9NPB6,50855,,,
Q9UMR7,Q9UMR7,50856,,,
Q9BQ16,Q9BQ16,50859,,,
Q9P121,Q9P121,50863,,,
Q53YC7,Q53YC7,5087,,,
P40425,P40425,5089,,,
Q8TAS0,Q8TAS0,509,,,
P40426,P40426,5090,,,
P11498,P11498,5091,,,
P61457,P61457,5092,,,
Q53SS8,Q53SS8,5093,,,
Q9BZV3,Q9BZV3,50939,,,
Q15366,Q15366,5094,,,
Q9HCR9,Q9HCR9,50940,,,
Q9BZS1,Q9BZS1,50943,,,
Q9Y566,Q9Y566,50944,,,
Q9Y458,Q9Y458,50945,,,
P05165,P05165,5095,,,
P05166,P05166,5096,,,
Q9BQB4,Q9BQB4,50964,,,
Q08174,Q08174,5097,,,
Q9UN70,Q9UN70,5098,,,
Q9Y3A6,Q9Y3A6,50999,,,
Q15067,Q15067,51,,,
O95206,O95206,5100,,,
Q9H1N7,Q9H1N7,51000,,,
E5RIK9,E5RIK9,51001,,,
Q9Y3C4,Q9Y3C4,51002,,,
Q9Y3C7,Q9Y3C7,51003,,,
Q9Y2Z9,Q9Y2Z9,51004,,,
Q9Y303,Q9Y303,51005,,,
Q9NQQ7,Q9NQQ7,51006,,,
Q8N9N2,Q8N9N2,51008,,,
Q9HC56,Q9HC56,5101,,,
Q9NYS3,Q9NYS3,51010,,,
Q9Y3B2,Q9Y3B2,51013,,,
Q9Y3B3,Q9Y3B3,51014,,,
F5GZ97,F5GZ97,51019,,,
Q7Z4H3,Q7Z4H3,51020,,,
Q9Y3D3,Q9Y3D3,51021,,,
Q9NS18,Q9NS18,51022,,,
D6RCM2,D6RCM2,51023,,,
Q9Y3D6,Q9Y3D6,51024,,,
Q9Y3D7,Q9Y3D7,51025,,,
Q9Y3E2,Q9Y3E2,51027,,,
Q6ISP9,Q6ISP9,51032,,,
P05154,P05154,5104,,,
O00488,O00488,51042,,,
O15156,O15156,51043,,,
Q59GW3,Q59GW3,51046,,,
P35558,P35558,5105,,,
Q53QV7,Q53QV7,51052,,,
O75496,O75496,51053,,,
P28838,P28838,51056,,,
Q16822,Q16822,5106,,,
O95881,O95881,51060,,,
Q8WXF7,Q8WXF7,51062,,,
Q71UM5,Q71UM5,51065,,,
Q9Y2Z4,Q9Y2Z4,51067,,,
Q96D46,Q96D46,51068,,,
Q5T653,Q5T653,51069,,,
Q9Y314,Q9Y314,51070,,,
E9PPM8,E9PPM8,51071,,,
Q9Y316,Q9Y316,51072,,,
Q9BYD3,Q9BYD3,51073,,,
Q96GX9,Q96GX9,51074,,,
Q9NTM9,Q9NTM9,51076,,,
Q9Y324,Q9Y324,51077,,,
Q9P0J0,Q9P0J0,51079,,,
Q15154,Q15154,5108,,,
Q9Y2R9,Q9Y2R9,51081,,,
Q9Y2S0,Q9Y2S0,51082,,,
P22466,P22466,51083,,,
V9HWG2,V9HWG2,51084,,,
Q9NP71,Q9NP71,51085,,,
Q59H18,Q59H18,51086,,,
Q9Y2T7,Q9Y2T7,51087,,,
Q96PQ7,Q96PQ7,51088,,,
Q9HD40,Q9HD40,51091,,,
Q96A54,Q96A54,51094,,,
Q96Q11,Q96Q11,51095,,,
Q9Y5J1,Q9Y5J1,51096,,,
Q9Y366,Q9Y366,51098,,,
Q8WTS1,Q8WTS1,51099,,,
P22061,P22061,5110,,,
Q9Y371,Q9Y371,51100,,,
Q9BV79,Q9BV79,51102,,,
Q9Y375,Q9Y375,51103,,,
A0A0A0MQS0,A0A0A0MQS0,51105,,,
Q8WVM0,Q8WVM0,51106,,,
Q96BI3,Q96BI3,51107,,,
Q8TC12,Q8TC12,51109,,,
P12004,P12004,5111,,,
Q9Y397,Q9Y397,51114,,,
Q9Y399,Q9Y399,51116,,,
A0A024R890,A0A024R890,51117,,,
Q9Y3A2,Q9Y3A2,51118,,,
Q9Y3A5,Q9Y3A5,51119,,,
Q9UNX3,Q9UNX3,51121,,,
P61599,P61599,51126,,,
Q9Y577,Q9Y577,51127,,,
Q9Y6B6,Q9Y6B6,51128,,,
Q9BY76,Q9BY76,51129,,,
Q9Y575,Q9Y575,51130,,,
Q9NVW2,Q9NVW2,51132,,,
J3KNW7,J3KNW7,51134,,,
Q9NWZ3,Q9NWZ3,51135,,,
Q9BT78,Q9BT78,51138,,,
Q9Y6G9,Q9Y6G9,51143,,,
Q53GQ0,Q53GQ0,51144,,,
Q9UNA3,Q9UNA3,51146,,,
Q9UNL4,Q9UNL4,51147,,,
Q9UMX9,Q9UMX9,51151,,,
Q9UKD2,Q9UKD2,51154,,,
Q9UK55,Q9UK55,51156,,,
O95613,O95613,5116,,,
Q9UK41,Q9UK41,51160,,,
Q9UK59,Q9UK59,51163,,,
Q9UJW0,Q9UJW0,51164,,,
Q8N5Z0,Q8N5Z0,51166,,,
Q7L1T6,Q7L1T6,51167,,,
Q9UKN7,Q9UKN7,51168,,,
Q9UK23,Q9UK23,51172,,,
Q9UJT1,Q9UJT1,51174,,,
Q9UJT0,Q9UJT0,51175,,,
Q9UJU2,Q9UJU2,51176,,,
Q9NYQ3,Q9NYQ3,51179,,,
Q7Z4W1,Q7Z4W1,51181,,,
Q9UHW5,Q9UHW5,51184,,,
Q96SW2,Q96SW2,51185,,,
Q9UHA3,Q9UHA3,51187,,,
Q9P212,Q9P212,51196,,,
Q8N4C6,Q8N4C6,51199,,,
Q9UI42,Q9UI42,51200,,,
Q9UIJ5,Q9UIJ5,51201,,,
Q9H0S4,Q9H0S4,51202,,,
Q9BSH4,Q9BSH4,51204,,,
X5D289,X5D289,51205,,,
Q9HCN6,Q9HCN6,51206,,,
Q6B8I1,Q6B8I1,51207,,,
P56856,P56856,51208,,,
Q9NP90,Q9NP90,51209,,,
Q86SX6,Q86SX6,51218,,,
P29120,P29120,5122,,,
Q8IYF1,Q8IYF1,51224,,,
P57054,P57054,51227,,,
Q9BVI0,Q9BVI0,51230,,,
Q8IV63,Q8IV63,51231,,,
B8XYC5,B8XYC5,51241,,,
Q8N114,Q8N114,51246,,,
Q92824,Q92824,5125,,,
Q9H0P0,Q9H0P0,51251,,,
Q9BZE1,Q9BZE1,51253,,,
Q9P0N8,Q9P0N8,51257,,,
Q4U2R6,Q4U2R6,51258,,,
Q9P0N5,Q9P0N5,51259,,,
P16519,P16519,5126,,,
Q8TCC3,Q8TCC3,51263,,,
Q9P0M9,Q9P0M9,51264,,,
Q8IVW4,Q8IVW4,51265,,,
Q9P126,Q9P126,51266,,,
Q8NC01,Q8NC01,51267,,,
Q9P0Z9,Q9P0Z9,51268,,,
Q9BRL4,Q9BRL4,5127,,,
Q5H9I0,Q5H9I0,51270,,,
Q9NYM9,Q9NYM9,51272,,,
P57682,P57682,51274,,,
Q7Z3V5,Q7Z3V5,51276,,,
Q9NZQ0,Q9NZQ0,51277,,,
Q00537,Q00537,5128,,,
Q9NZS9,Q9NZS9,51283,,,
Q9NYK1,Q9NYK1,51284,,,
Q9NYN1,Q9NYN1,51285,,,
Q9NYJ1,Q9NYJ1,51287,,,
Q9NSD7,Q9NSD7,51289,,,
Q59G02,Q59G02,5129,,,
Q9P2T1,Q9P2T1,51292,,,
Q9NPF0,Q9NPF0,51293,,,
Q9NPG4,Q9NPG4,51294,,,
Q9BQ95,Q9BQ95,51295,,,
Q8IY34,Q8IY34,51296,,,
P30049,P30049,513,,,
P49585,P49585,5130,,,
Q9P109,Q9P109,51301,,,
Q9NYL5,Q9NYL5,51302,,,
Q9NYL4,Q9NYL4,51303,,,
Q9NYG2,Q9NYG2,51304,,,
Q9NPC2,Q9NPC2,51305,,,
Q9BRK0,Q9BRK0,51308,,,
Q8WUG5,Q8WUG5,51310,,,
Q9NR97,Q9NR97,51311,,,
Q9NYZ2,Q9NYZ2,51312,,,
Q9NZE8,Q9NZE8,51318,,,
Q52LP8,Q52LP8,5132,,,
Q5U5Q3,Q5U5Q3,51320,,,
Q86W34,Q86W34,51321,,,
Q9NZD8,Q9NZD8,51324,,,
Q15116,Q15116,5133,,,
Q9NP84,Q9NP84,51330,,,
Q9NRC6,Q9NRC6,51332,,,
A0A087WYJ3,A0A087WYJ3,5134,,,
Q9BZJ0,Q9BZJ0,51340,,,
Q8TB76,Q8TB76,51341,,,
Q9UM11,Q9UM11,51343,,,
Q9H2K8,Q9H2K8,51347,,,
Q9NZS2,Q9NZS2,51348,,,
Q01546,Q01546,51350,,,
P54750,P54750,5136,,,
O43462,O43462,51360,,,
Q9UJC3,Q9UJC3,51361,,,
O60508,O60508,51362,,,
Q7LFX5,Q7LFX5,51363,,,
Q53H76,Q53H76,51365,,,
O95071,O95071,51366,,,
Q969H6,Q969H6,51367,,,
Q14123,Q14123,5137,,,
Q9Y244,Q9Y244,51371,,,
Q9Y2R5,Q9Y2R5,51373,,,
Q9UNH6,Q9UNH6,51375,,,
Q9Y5K5,Q9Y5K5,51377,,,
Q9Y264,Q9Y264,51378,,,
Q8IW54,Q8IW54,5138,,,
Q9Y600,Q9Y600,51380,,,
Q9Y5K8,Q9Y5K8,51382,,,
Q9UBV4,Q9UBV4,51384,,,
Q86UQ0,Q86UQ0,51385,,,
Q9Y262,Q9Y262,51386,,,
Q9Y221,Q9Y221,51388,,,
Q14432,Q14432,5139,,,
Q9Y5S1,Q9Y5S1,51393,,,
P56381,P56381,514,,,
Q13370,Q13370,5140,,,
Q9Y570,Q9Y570,51400,,,
Q9Y5R4,Q9Y5R4,51409,,,
P27815,P27815,5141,,,
O94805,O94805,51412,,,
Q07343,Q07343,5142,,,
Q9UGJ0,Q9UGJ0,51422,,,
Q9UBT6,Q9UBT6,51426,,,
Q9UII5,Q9UII5,51427,,,
Q9UJV9,Q9UJV9,51428,,,
Q9Y5X1,Q9Y5X1,51429,,,
Q32MM7,Q32MM7,5143,,,
Q9UJX4,Q9UJX4,51433,,,
Q9UJX3,Q9UJX3,51434,,,
Q08499,Q08499,5144,,,
Q8WVD3,Q8WVD3,51444,,,
Q9UHH9,Q9UHH9,51447,,,
Q9UHG3,Q9UHG3,51449,,,
P16499,P16499,5145,,,
Q99811,Q99811,51450,,,
Q9UIC8,Q9UIC8,51451,,,
Q9UBZ9,Q9UBZ9,51455,,,
Q9UBD6,Q9UBD6,51458,,,
P51160,P51160,5146,,,
Q9Y385,Q9Y385,51465,,,
O43924,O43924,5147,,,
Q9NPH2,Q9NPH2,51477,,,
Q9H9C0,Q9H9C0,51478,,,
P18545,P18545,5148,,,
Q13956,Q13956,5149,,,
Q5T280,Q5T280,51490,,,
Q9Y3I0,Q9Y3I0,51493,,,
Q9P035,Q9P035,51495,,,
Q05D32,Q05D32,51496,,,
Q8IXH7,Q8IXH7,51497,,,
O43715,O43715,51499,,,
Q08ET0,Q08ET0,515,,,
Q13946,Q13946,5150,,,
Q9P013,Q9P013,51503,,,
Q9UI30,Q9UI30,51504,,,
Q9Y3C8,Q9Y3C8,51506,,,
O60658,O60658,5151,,,
Q9NZZ3,Q9NZZ3,51510,,,
Q9NYZ3,Q9NYZ3,51512,,,
Q9Y603,Q9Y603,51513,,,
Q9NZJ0,Q9NZJ0,51514,,,
O76083,O76083,5152,,,
Q9P2J5,Q9P2J5,51520,,,
Q9NYG5,Q9NYG5,51529,,,
Q01064,Q01064,5153,,,
Q9NP79,Q9NP79,51534,,,
Q9UDX5,Q9UDX5,51537,,,
P04085,P04085,5154,,,
Q96I15,Q96I15,51540,,,
Q9P1Q0,Q9P1Q0,51542,,,
Q9NRC8,Q9NRC8,51547,,,
Q8N6T7,Q8N6T7,51548,,,
P01127,P01127,5155,,,
P61106,P61106,51552,,,
Q9NPB9,Q9NPB9,51554,,,
Q8IYB4,Q8IYB4,51555,,,
P16234,P16234,5156,,,
Q9NRW1,Q9NRW1,51560,,,
Q9NPF7,Q9NPF7,51561,,,
Q8WUI4,Q8WUI4,51564,,,
O95551,O95551,51567,,,
P61960,P61960,51569,,,
Q9NZC3,Q9NZC3,51573,,,
Q4G0J3,Q4G0J3,51574,,,
P35913,P35913,5158,,,
O94913,O94913,51585,,,
Q96RN5,Q96RN5,51586,,,
Q8N2W9,Q8N2W9,51588,,,
Q59F04,Q59F04,5159,,,
Q9UPN9,Q9UPN9,51592,,,
O60888,O60888,51596,,,
Q6FIH7,Q6FIH7,516,,,
P08559,P08559,5160,,,
Q9Y234,Q9Y234,51601,,,
Q9Y2X3,Q9Y2X3,51602,,,
Q969N2,Q969N2,51604,,,
Q9UJA5,Q9UJA5,51605,,,
Q9UI12,Q9UI12,51606,,,
P29803,P29803,5161,,,
Q9H2P9,Q9H2P9,51611,,,
Q9HBM6,Q9HBM6,51616,,,
Q9Y2X8,Q9Y2X8,51619,,,
P11177,P11177,5162,,,
Q9Y2Y9,Q9Y2Y9,51621,,,
Q8TCX1,Q8TCX1,51626,,,
Q9BZJ4,Q9BZJ4,51629,,,
Q15118,Q15118,5163,,,
Q9Y383,Q9Y383,51631,,,
Q8N6M0,Q8N6M0,51633,,,
Q9Y388,Q9Y388,51634,,,
Q9Y394,Q9Y394,51635,,,
Q9Y224,Q9Y224,51637,,,
Q9Y3B4,Q9Y3B4,51639,,,
Q15119,Q15119,5164,,,
Q96GC5,Q96GC5,51642,,,
Q9HC24,Q9HC24,51643,,,
Q9Y3C6,Q9Y3C6,51645,,,
Q9Y3D9,Q9Y3D9,51649,,,
Q15120,Q15120,5165,,,
Q9Y291,Q9Y291,51650,,,
Q9Y3E5,Q9Y3E5,51651,,,
Q9Y3E7,Q9Y3E7,51652,,,
Q9Y272,Q9Y272,51655,,,
Q9Y6J8,Q9Y6J8,51657,,,
Q9Y248,Q9Y248,51659,,,
Q16654,Q16654,5166,,,
Q9Y680,Q9Y680,51661,,,
Q96KR1,Q96KR1,51663,,,
Q9Y576,Q9Y576,51665,,,
Q9Y574,Q9Y574,51666,,,
Q9Y547,Q9Y547,51668,,,
P22413,P22413,5167,,,
Q96Q27,Q96Q27,51676,,,
Q13822,Q13822,5168,,,
Q9UMX1,Q9UMX1,51684,,,
Q9UMX2,Q9UMX2,51686,,,
Q308M7,Q308M7,5169,,,
Q9UK45,Q9UK45,51690,,,
O95777,O95777,51691,,,
Q9UKF6,Q9UKF6,51692,,,
F8VXU5,F8VXU5,51699,,,
Q06055,Q06055,517,,,
O15530,O15530,5170,,,
Q6BCY4,Q6BCY4,51700,,,
Q9UBE8,Q9UBE8,51701,,,
Q9ULW8,Q9ULW8,51702,,,
Q9ULC5,Q9ULC5,51703,,,
B7Z831,B7Z831,51704,,,
Q9ULC0,Q9ULC0,51705,,,
Q9UHQ9,Q9UHQ9,51706,,,
P15621,P15621,51710,,,
Q9ULC3,Q9ULC3,51715,,,
Q9Y376,Q9Y376,51719,,,
O43511,O43511,5172,,,
Q9UH90,Q9UH90,51725,,,
Q9UBS4,Q9UBS4,51726,,,
P30085,P30085,51727,,,
Q9Y2Y1,Q9Y2Y1,51728,,,
Q9Y2W2,Q9Y2W2,51729,,,
P01213,P01213,5173,,,
Q9UBR1,Q9UBR1,51733,,,
Q9NZV6,Q9NZV6,51734,,,
Q8TEU7,Q8TEU7,51735,,,
Q9UBU3,Q9UBU3,51738,,,
Q9NZC7,Q9NZC7,51741,,,
Q4LE39,Q4LE39,51742,,,
Q9BZW8,Q9BZW8,51744,,,
P16284,P16284,5175,,,
R4IXY3,R4IXY3,51750,,,
Q9NZ08,Q9NZ08,51752,,,
Q9NYV4,Q9NYV4,51755,,,
P36955,P36955,5176,,,
Q9NTI2,Q9NTI2,51761,,,
Q92930,Q92930,51762,,,
Q9BT40,Q9BT40,51763,,,
Q9P2W3,Q9P2W3,51764,,,
Q9P289,Q9P289,51765,,,
Q96T23,Q96T23,51773,,,
Q9NYL2,Q9NYL2,51776,,,
Q9GZU2,Q9GZU2,5178,,,
Q7LBC6,Q7LBC6,51780,,,
P01210,P01210,5179,,,
P48201,P48201,518,,,
Q9NY37,Q9NY37,51802,,,
Q9UIU6,Q9UIU6,51804,,,
Q9NZJ6,Q9NZJ6,51805,,,
Q9NZT1,Q9NZT1,51806,,,
Q9NY65,Q9NY65,51807,,,
Q9H814,Q9H814,51808,,,
Q86SF2,Q86SF2,51809,,,
Q9NZK5,Q9NZK5,51816,,,
P12955,P12955,5184,,,
O15534,O15534,5187,,,
O75879,O75879,5188,,,
O43933,O43933,5189,,,
Q13608,Q13608,5190,,,
Q6FGN1,Q6FGN1,5191,,,
O60683,O60683,5192,,,
O00623,O00623,5193,,,
Q92968,Q92968,5194,,,
O75381,O75381,5195,,,
P02776,P02776,5196,,,
P10720,P10720,5197,,,
Q6P4B4,Q6P4B4,5198,,,
P27918,P27918,5199,,,
P24666,P24666,52,,,
O60925,O60925,5201,,,
Q9UHV9,Q9UHV9,5202,,,
Q9NQP4,Q9NQP4,5203,,,
Q99471,Q99471,5204,,,
O43520,O43520,5205,,,
P16118,P16118,5207,,,
O60825,O60825,5208,,,
Q16875,Q16875,5209,,,
P56385,P56385,521,,,
Q16877,Q16877,5210,,,
Q7L2M7,Q7L2M7,5211,,,
P08237,P08237,5213,,,
Q01813,Q01813,5214,,,
P07737,P07737,5216,,,
P35080,P35080,5217,,,
O94921,O94921,5218,,,
Q6NZ59,Q6NZ59,522,,,
P0DJD9,P0DJD9,5222,,,
Q6FHU2,Q6FHU2,5223,,,
P15259,P15259,5224,,,
P20142,P20142,5225,,,
P52209,P52209,5226,,,
Q86TW6,Q86TW6,5228,,,
P53609,P53609,5229,,,
P38606,P38606,523,,,
V9HWF4,V9HWF4,5230,,,
P07205,P07205,5232,,,
P36871,P36871,5236,,,
O95394,O95394,5238,,,
Q15124,Q15124,5239,,,
P06401,P06401,5241,,,
P08183,P08183,5243,,,
P21439,P21439,5244,,,
P35232,P35232,5245,,,
P15313,P15313,525,,,
Q6MZF9,Q6MZF9,5250,,,
P78562,P78562,5251,,,
O43189,O43189,5252,,,
O75151,O75151,5253,,,
P46020,P46020,5255,,,
P46019,P46019,5256,,,
Q93100,Q93100,5257,,,
P21281,P21281,526,,,
Q16816,Q16816,5260,,,
P15735,P15735,5261,,,
O14832,O14832,5264,,,
P01009,P01009,5265,,,
P29622,P29622,5267,,,
P36952,P36952,5268,,,
P35237,P35237,5269,,,
P27449,P27449,527,,,
P07093,P07093,5270,,,
P50452,P50452,5271,,,
P50453,P50453,5272,,,
P48595,P48595,5273,,,
Q9UIV8,Q9UIV8,5275,,,
P37287,P37287,5277,,,
Q92535,Q92535,5279,,,
P21283,P21283,528,,,
Q6IB04,Q6IB04,5281,,,
Q14442,Q14442,5283,,,
P01833,P01833,5284,,,
O00443,O00443,5286,,,
O00750,O00750,5287,,,
O75747,O75747,5288,,,
B4DPV9,B4DPV9,5289,,,
P36543,P36543,529,,,
P42336,P42336,5290,,,
B4DER4,B4DER4,5291,,,
P11309,P11309,5292,,,
O00329,O00329,5293,,,
P48736,P48736,5294,,,
P27986,P27986,5295,,,
O00459,O00459,5296,,,
Q4LE69,Q4LE69,5297,,,
Q9UBF8,Q9UBF8,5298,,,
P11117,P11117,53,,,
Q13526,Q13526,5300,,,
Q9Y237,Q9Y237,5303,,,
P48426,P48426,5305,,,
X5D9A5,X5D9A5,5307,,,
Q99697,Q99697,5308,,,
O75364,O75364,5309,,,
P98161,P98161,5310,,,
Q9UEU6,Q9UEU6,5311,,,
P30613,P30613,5313,,,
P14618,P14618,5315,,,
Q13835,Q13835,5317,,,
Q99959,Q99959,5318,,,
P04054,P04054,5319,,,
P14555,P14555,5320,,,
P47712,P47712,5321,,,
P39877,P39877,5322,,,
Q6DJT9,Q6DJT9,5324,,,
Q9UM63,Q9UM63,5325,,,
Q9UPG8,Q9UPG8,5326,,,
P00750,P00750,5327,,,
Q59GZ8,Q59GZ8,5328,,,
Q03405,Q03405,5329,,,
Q99437,Q99437,533,,,
Q59F77,Q59F77,5330,,,
Q01970,Q01970,5331,,,
Q15147,Q15147,5332,,,
P51178,P51178,5333,,,
Q9H0C5,Q9H0C5,53339,,,
Q15111,Q15111,5334,,,
Q8TAD2,Q8TAD2,53342,,,
Q9BW91,Q9BW91,53343,,,
P57075,P57075,53347,,,
Q9HBF4,Q9HBF4,53349,,,
Q9UFY1,Q9UFY1,5335,,,
Q8TE04,Q8TE04,53354,,,
Q92529,Q92529,53358,,,
P16885,P16885,5336,,,
Q59EA4,Q59EA4,5337,,,
Q7Z3B4,Q7Z3B4,53371,,,
Q9ULQ1,Q9ULQ1,53373,,,
O14939,O14939,5338,,,
Q15149,Q15149,5339,,,
Q6NVJ2,Q6NVJ2,534,,,
P00747,P00747,5340,,,
Q9NZA1,Q9NZA1,53405,,,
Q9P2W9,Q9P2W9,53407,,,
P08697,P08697,5345,,,
O60240,O60240,5346,,,
P53350,P53350,5347,,,
O00168,O00168,5348,,,
Q14802,Q14802,5349,,,
Q93050,Q93050,535,,,
Q5R352,Q5R352,5350,,,
Q02809,Q02809,5351,,,
O00469,O00469,5352,,,
P60201,P60201,5354,,,
O43660,O43660,5356,,,
Q14651,Q14651,5357,,,
P13797,P13797,5358,,,
P55058,P55058,5360,,,
Q9UIW2,Q9UIW2,5361,,,
O95983,O95983,53615,,,
Q9P0K1,Q9P0K1,53616,,,
O75051,O75051,5362,,,
Q9HAY6,Q9HAY6,53630,,,
Q9UGI9,Q9UGI9,53632,,,
Q9H228,Q9H228,53637,,,
O43157,O43157,5364,,,
Q9ULL4,Q9ULL4,5365,,,
Q13794,Q13794,5366,,,
P20382,P20382,5367,,,
Q15904,Q15904,537,,,
P29590,P29590,5371,,,
Q92871,Q92871,5372,,,
Q59F02,Q59F02,5373,,,
Q6FH25,Q6FH25,5376,,,
P54277,P54277,5378,,,
Q762B6,Q762B6,538,,,
P58549,P58549,53822,,,
Q9H0Q3,Q9H0Q3,53826,,,
Q96DB9,Q96DB9,53827,,,
P59646,P59646,53828,,,
Q9BPV8,Q9BPV8,53829,,,
Q9NQS5,Q9NQS5,53831,,,
Q9UHF4,Q9UHF4,53832,,,
Q6UXL0,Q6UXL0,53833,,,
Q9BY21,Q9BY21,53836,,,
Q9BYJ4,Q9BYJ4,53840,,,
Q9HBB8,Q9HBB8,53841,,,
Q8N7P3,Q8N7P3,53842,,,
P48047,P48047,539,,,
Q8NEV4,Q8NEV4,53904,,,
Q9NRD9,Q9NRD9,53905,,,
P61018,P61018,53916,,,
Q969Q5,Q969Q5,53917,,,
Q9BRX2,Q9BRX2,53918,,,
Q9NYB5,Q9NYB5,53919,,,
Q06265,Q06265,5393,,,
Q9H2H8,Q9H2H8,53938,,,
Q01780,Q01780,5394,,,
O94779,O94779,53942,,,
Q9HCP0,Q9HCP0,53944,,,
Q9NPC4,Q9NPC4,53947,,,
P54278,P54278,5395,,,
P54821,P54821,5396,,,
Q9P2I0,Q9P2I0,53981,,,
P13686,P13686,54,,,
P35670,P35670,540,,,
Q9NSI6,Q9NSI6,54014,,,
P57057,P57057,54020,,,
P57721,P57721,54039,,,
P16233,P16233,5406,,,
Q9NYP9,Q9NYP9,54069,,,
P54315,P54315,5407,,,
P54317,P54317,5408,,,
P11086,P11086,5409,,,
Q9H4D1,Q9H4D1,54101,,,
Q96NY7,Q96NY7,54102,,,
Q9NR96,Q9NR96,54106,,,
Q9NRF9,Q9NRF9,54107,,,
Q9NRG0,Q9NRG0,54108,,,
Q9H307,Q9H307,5411,,,
Q9GZN0,Q9GZN0,54112,,,
Q99719,Q99719,5413,,,
O43236,O43236,5414,,,
Q9NYK5,Q9NYK5,54148,,,
Q96GG9,Q96GG9,54165,,,
Q9NR45,Q9NR45,54187,,,
Q96N83,Q96N83,5420,,,
P99999,P99999,54205,,,
P57789,P57789,54207,,,
Q9NZC2,Q9NZC2,54209,,,
Q9NP99,Q9NP99,54210,,,
P09884,P09884,5422,,,
P06746,P06746,5423,,,
P28340,P28340,5424,,,
P49005,P49005,5425,,,
Q07864,Q07864,5426,,,
P56282,P56282,5427,,,
P54098,P54098,5428,,,
B3KN75,B3KN75,5429,,,
P24928,P24928,5430,,,
P30876,P30876,5431,,,
Q6FGR6,Q6FGR6,5432,,,
Q9NS66,Q9NS66,54328,,,
Q8NEN2,Q8NEN2,54329,,,
O15514,O15514,5433,,,
P59768,P59768,54331,,,
P19388,P19388,5434,,,
Q9P2X0,Q9P2X0,54344,,,
P35713,P35713,54345,,,
P62487,P62487,5436,,,
P56705,P56705,54361,,,
Q9UJM8,Q9UJM8,54363,,,
P52434,P52434,5437,,,
P36954,P36954,5438,,,
Q9NYB0,Q9NYB0,54386,,,
P52435,P52435,5439,,,
P53803,P53803,5440,,,
Q96QD8,Q96QD8,54407,,,
P62875,P62875,5441,,,
X5D7L6,X5D7L6,54413,,,
Q9HAT2,Q9HAT2,54414,,,
Q4G0F4,Q4G0F4,5442,,,
Q9NYW4,Q9NYW4,54429,,,
Q6FHC8,Q6FHC8,5443,,,
Q8IXB1,Q8IXB1,54431,,,
Q9NY12,Q9NY12,54433,,,
Q8WYL5,Q8WYL5,54434,,,
Q9P283,Q9P283,54437,,,
Q9P2N5,Q9P2N5,54439,,,
P27169,P27169,5444,,,
Q9NQW6,Q9NQW6,54443,,,
Q15165,Q15165,5445,,,
Q6P3S6,Q6P3S6,54455,,,
Q9BXT6,Q9BXT6,54456,,,
Q5H9L4,Q5H9L4,54457,,,
Q15166,Q15166,5446,,,
Q99768,Q99768,54460,,,
Q969U6,Q969U6,54461,,,
Q8IZH2,Q8IZH2,54464,,,
Q9P2G1,Q9P2G1,54467,,,
P16435,P16435,5447,,,
Q9H0E2,Q9H0E2,54472,,,
P35900,P35900,54474,,,
Q9NVX2,Q9NVX2,54475,,,
Q9NWF9,Q9NWF9,54476,,,
G5E9W2,G5E9W2,54480,,,
Q9NUP7,Q9NUP7,54482,,,
Q8WYQ5,Q8WYQ5,54487,,,
P28069,P28069,5449,,,
Q9BY64,Q9BY64,54490,,,
A8MQ27,A8MQ27,54492,,,
Q96JJ7,Q96JJ7,54495,,,
Q9NVM4,Q9NVM4,54496,,,
Q9NWM0,Q9NWM0,54498,,,
Q13535,Q13535,545,,,
Q8IUH4,Q8IUH4,54503,,,
Q9H3G5,Q9H3G5,54504,,,
Q7Z478,Q7Z478,54505,,,
Q9HBH0,Q9HBH0,54509,,,
P14859,P14859,5451,,,
Q9HCL0,Q9HCL0,54510,,,
Q9NT06,Q9NT06,54511,,,
Q9NPD3,Q9NPD3,54512,,,
Q9NQI0,Q9NQI0,54514,,,
Q9UGC7,Q9UGC7,54516,,,
Q96PZ0,Q96PZ0,54517,,,
Q7Z5R6,Q7Z5R6,54518,,,
P09086,P09086,5452,,,
Q03052,Q03052,5453,,,
Q8N5N7,Q8N5N7,54534,,,
Q8TD31,Q8TD31,54535,,,
Q8WZ75,Q8WZ75,54538,,,
Q9NX14,Q9NX14,54539,,,
P20265,P20265,5454,,,
Q9NX09,Q9NX09,54541,,,
Q9HBD1,Q9HBD1,54542,,,
Q9P0U1,Q9P0U1,54543,,,
Q9C0I1,Q9C0I1,54545,,,
Q58EX2,Q58EX2,54549,,,
P20264,P20264,5455,,,
Q9NVN8,Q9NVN8,54552,,,
Q86VZ2,Q86VZ2,54554,,,
Q9Y6V7,Q9Y6V7,54555,,,
Q9NXR8,Q9NXR8,54556,,,
P49335,P49335,5456,,,
Q9NR61,Q9NR61,54567,,,
Q01851,Q01851,5457,,,
Q9HAW8,Q9HAW8,54575,,,
Q9HAW9,Q9HAW9,54576,,,
Q9HAW7,Q9HAW7,54577,,,
Q5DSZ8,Q5DSZ8,54578,,,
Q5DSZ9,Q5DSZ9,54579,,,
Q12837,Q12837,5458,,,
R4SCQ0,R4SCQ0,54583,,,
Q9NQ48,Q9NQ48,54585,,,
Q15319,Q15319,5459,,,
P46100,P46100,546,,,
M1S623,M1S623,5460,,,
Q5DSZ5,Q5DSZ5,54600,,,
Q9NY93,Q9NY93,54606,,,
Q9ULG1,Q9ULG1,54617,,,
Q06416,Q06416,5462,,,
Q6PCT2,Q6PCT2,54620,,,
Q9NXU5,Q9NXU5,54622,,,
Q8N7H5,Q8N7H5,54623,,,
Q8N546,Q8N546,54625,,,
Q9Y543,Q9Y543,54626,,,
Q14863,Q14863,5463,,,
V9HWB5,V9HWB5,5464,,,
Q07869,Q07869,5465,,,
P22310,P22310,54657,,,
Q5DT03,Q5DT03,54658,,,
Q5DT01,Q5DT01,54659,,,
Q6RFH5,Q6RFH5,54663,,,
Q03181,Q03181,5467,,,
Q9UJA2,Q9UJA2,54675,,,
Q9UKG9,Q9UKG9,54677,,,
P37231,P37231,5468,,,
Q9NXG6,Q9NXG6,54681,,,
Q15648,Q15648,5469,,,
Q12756,Q12756,547,,,
O14830,O14830,5470,,,
F5H148,F5H148,54700,,,
Q9P0J1,Q9P0J1,54704,,,
Q9H9Y4,Q9H9Y4,54707,,,
Q9NX47,Q9NX47,54708,,,
Q59G63,Q59G63,5471,,,
Q9NQW8,Q9NQW8,54714,,,
Q9NWB1,Q9NWB1,54715,,,
Q9NP91,Q9NP91,54716,,,
Q01804,Q01804,54726,,,
P02775,P02775,5473,,,
Q8IXU6,Q8IXU6,54733,,,
Q14964,Q14964,54734,,,
Q99581,Q99581,54738,,,
O14829,O14829,5475,,,
P0CG23,P0CG23,54753,,,
Q8NFM7,Q8NFM7,54756,,,
X6R8A1,X6R8A1,5476,,,
Q6UW60,Q6UW60,54760,,,
Q9UGI0,Q9UGI0,54764,,,
Q96DX7,Q96DX7,54765,,,
Q9NY30,Q9NY30,54766,,,
Q4G0P3,Q4G0P3,54768,,,
Q96HU8,Q96HU8,54769,,,
Q9BZL4,Q9BZL4,54776,,,
Q6ZNA4,Q6ZNA4,54778,,,
P62937,P62937,5478,,,
Q9NXW9,Q9NXW9,54784,,,
Q9NXW2,Q9NXW2,54788,,,
P23284,P23284,5479,,,
Q8TD43,Q8TD43,54795,,,
Q9BUE0,Q9BUE0,54797,,,
Q6V1P9,Q6V1P9,54798,,,
P45877,P45877,5480,,,
Q6TFL4,Q6TFL4,54800,,,
Q7Z4H7,Q7Z4H7,54801,,,
Q9H3H1,Q9H3H1,54802,,,
Q9H8M5,Q9H8M5,54805,,,
Q8N157,Q8N157,54806,,,
Q08752,Q08752,5481,,,
Q6V9R5,Q6V9R5,54811,,,
J3KNY7,J3KNY7,54813,,,
Q9NXS2,Q9NXS2,54814,,,
X5DR54,X5DR54,54820,,,
Q96QT4,Q96QT4,54822,,,
Q9BYE9,Q9BYE9,54825,,,
Q9BXN1,Q9BXN1,54829,,,
Q8NFU1,Q8NFU1,54831,,,
Q709C8,Q709C8,54832,,,
Q8IUZ0,Q8IUZ0,54839,,,
Q7Z2E3,Q7Z2E3,54840,,,
Q9HCH5,Q9HCH5,54843,,,
Q6NXG1,Q6NXG1,54845,,,
Q9NXK8,Q9NXK8,54850,,,
Q9HCC8,Q9HCC8,54857,,,
U3KQ24,U3KQ24,54858,,,
Q9BQ83,Q9BQ83,548593,,,
P12532,P12532,548596,,,
Q9NRH2,Q9NRH2,54861,,,
Q6P1N0,Q6P1N0,54862,,,
Q9GZM3,Q9GZM3,548644,,,
Q9H1X3,Q9H1X3,548645,,,
Q4V755,Q4V755,54866,,,
Q8TE68,Q8TE68,54869,,,
Q5H8A4,Q5H8A4,54872,,,
Q9NP74,Q9NP74,54873,,,
Q9NXG0,Q9NXG0,54875,,,
Q6V1X1,Q6V1X1,54878,,,
Q9NXF1,Q9NXF1,54881,,,
Q8IWZ3,Q8IWZ3,54882,,,
Q6NUM9,Q6NUM9,54884,,,
Q8TBJ4,Q8TBJ4,54886,,,
Q08J23,Q08J23,54888,,,
Q6P6C2,Q6P6C2,54890,,,
Q53TQ3,Q53TQ3,54891,,,
Q86XI2,Q86XI2,54892,,,
X5D963,X5D963,54893,,,
Q68DV7,Q68DV7,54894,,,
Q9NXB9,Q9NXB9,54898,,,
Q7Z7A4,Q7Z7A4,54899,,,
Q13825,Q13825,549,,,
Q5VV42,Q5VV42,54901,,,
Q6DKK2,Q6DKK2,54902,,,
Q9NXB0,Q9NXB0,54903,,,
Q9BZ95,Q9BZ95,54904,,,
Q8TAV3,Q8TAV3,54905,,,
Q9C0C4,Q9C0C4,54910,,,
Q9BUL9,Q9BUL9,54913,,,
Q9NX74,Q9NX74,54920,,,
P0CG13,P0CG13,54921,,,
Q9NX65,Q9NX65,54925,,,
Q712K3,Q712K3,54926,,,
Q9NX63,Q9NX63,54927,,,
Q9NX62,Q9NX62,54928,,,
O60437,O60437,5493,,,
Q9H6D7,Q9H6D7,54930,,,
Q7L0Y3,Q7L0Y3,54931,,,
B7Z1Y9,B7Z1Y9,54933,,,
Q9H9L4,Q9H9L4,54934,,,
Q9BVJ7,Q9BVJ7,54935,,,
Q9NX46,Q9NX46,54936,,,
Q9NP81,Q9NP81,54938,,,
P35813,P35813,5494,,,
Q96EQ8,Q96EQ8,54941,,,
Q9NX36,Q9NX36,54943,,,
Q96GZ6,Q96GZ6,54946,,,
Q7L5N7,Q7L5N7,54947,,,
Q9NX20,Q9NX20,54948,,,
Q9NX18,Q9NX18,54949,,,
O75688,O75688,5495,,,
Q8N5Y8,Q8N5Y8,54956,,,
Q6IAU5,Q6IAU5,5496,,,
Q9NWZ8,Q9NWZ8,54960,,,
Q8TE77,Q8TE77,54961,,,
Q9BVW5,Q9BVW5,54962,,,
Q9NWZ5,Q9NWZ5,54963,,,
Q8TBF5,Q8TBF5,54965,,,
Q9BUB7,Q9BUB7,54968,,,
Q24JP5,Q24JP5,54972,,,
Q5TA45,Q5TA45,54973,,,
Q9NWX6,Q9NWX6,54974,,,
Q96DW6,Q96DW6,54977,,,
P50336,P50336,5498,,,
Q9NWW6,Q9NWW6,54981,,,
Q9NWW5,Q9NWW5,54982,,,
Q96BK5,Q96BK5,54984,,,
Q96C45,Q96C45,54986,,,
Q6NUN0,Q6NUN0,54988,,,
P62136,P62136,5499,,,
Q7Z7L9,Q7Z7L9,54993,,,
Q9NWU1,Q9NWU1,54995,,,
Q96BS2,Q96BS2,54997,,,
Q9NWT8,Q9NWT8,54998,,,
P15309,P15309,55,,,
V9HW04,V9HW04,5500,,,
Q9NWT1,Q9NWT1,55003,,,
P36873,P36873,5501,,,
Q969Q6,Q969Q6,55012,,,
P56962,P56962,55014,,,
Q86UA1,Q86UA1,55015,,,
Q8TCQ1,Q8TCQ1,55016,,,
Q13522,Q13522,5502,,,
Q8WWQ0,Q8WWQ0,55023,,,
Q9NWN3,Q9NWN3,55030,,,
Q96K76,Q96K76,55031,,,
Q9BS91,Q9BS91,55032,,,
Q9NWM8,Q9NWM8,55033,,,
Q96EN8,Q96EN8,55034,,,
Q96EY7,Q96EY7,55037,,,
Q53H54,Q53H54,55039,,,
Q9H201,Q9H201,55040,,,
A5D8V6,A5D8V6,55048,,,
Q9BYC9,Q9BYC9,55052,,,
Q676U5,Q676U5,55054,,,
Q9H900,Q9H900,55055,,,
Q16821,Q16821,5506,,,
Q5MNZ9,Q5MNZ9,55062,,,
Q8NCN5,Q8NCN5,55066,,,
Q9UQK1,Q9UQK1,5507,,,
Q7L5Y6,Q7L5Y6,55070,,,
Q96EP0,Q96EP0,55072,,,
Q9NWB7,Q9NWB7,55081,,,
Q9NWB6,Q9NWB6,55082,,,
Q2KJY2,Q2KJY2,55083,,,
Q969I6,Q969I6,55089,,,
Q86X09,Q86X09,5509,,,
Q9NWA0,Q9NWA0,55090,,,
Q9BRR8,Q9BRR8,55094,,,
X5DQP6,X5DQP6,551,,,
Q15435,Q15435,5510,,,
Q96BY7,Q96BY7,55102,,,
Q9NW75,Q9NW75,55105,,,
Q9NW72,Q9NW72,55107,,,
Q6ICT4,Q6ICT4,5511,,,
F5H6P7,F5H6P7,55110,,,
Q9NW50,Q9NW50,55117,,,
Q69YH0,Q69YH0,55119,,,
Q9NW38,Q9NW38,55120,,,
W0HK13,W0HK13,55124,,,
Q9HCK3,Q9HCK3,55125,,,
Q9H583,Q9H583,55127,,,
Q6AZZ1,Q6AZZ1,55128,,,
Q9NW15,Q9NW15,55129,,,
Q9NW13,Q9NW13,55131,,,
Q659C4,Q659C4,55132,,,
Q96QC0,Q96QC0,5514,,,
B4DKA4,B4DKA4,55140,,,
Q9NVX0,Q9NVX0,55142,,,
Q53HL2,Q53HL2,55143,,,
Q9NPG8,Q9NPG8,55146,,,
Q8N806,Q8N806,55148,,,
Q9NVV4,Q9NVV4,55149,,,
P67775,P67775,5515,,,
Q9NVU7,Q9NVU7,55153,,,
Q9NVT9,Q9NVT9,55156,,,
Q9H9J7,Q9H9J7,55157,,,
Q6PCD5,Q6PCD5,55159,,,
P62714,P62714,5516,,,
Q9HCE6,Q9HCE6,55160,,,
V9HW45,V9HW45,55163,,,
Q6PI26,Q6PI26,55164,,,
Q53EZ4,Q53EZ4,55165,,,
Q7L2Z9,Q7L2Z9,55166,,,
Q9HCI7,Q9HCI7,55167,,,
Q9NVS2,Q9NVS2,55168,,,
Q96LA8,Q96LA8,55170,,,
Q9NVR7,Q9NVR7,55171,,,
P82664,P82664,55173,,,
Q9NVR2,Q9NVR2,55174,,,
Q9NVR0,Q9NVR0,55175,,,
Q9H9S3,Q9H9S3,55176,,,
P30153,P30153,5518,,,
Q8ND04,Q8ND04,55181,,,
Q5UIP0,Q5UIP0,55183,,,
Q96CQ1,Q96CQ1,55186,,,
Q5THJ4,Q5THJ4,55187,,,
P30154,P30154,5519,,,
Q96G61,Q96G61,55190,,,
Q6IA69,Q6IA69,55191,,,
Q9NVM6,Q9NVM6,55192,,,
Q86U86,Q86U86,55193,,,
X5D2B0,X5D2B0,552,,,
P63151,P63151,5520,,,
Q66K74,Q66K74,55201,,,
Q9H4A5,Q9H4A5,55204,,,
Q9NVJ2,Q9NVJ2,55207,,,
Q6PH85,Q6PH85,55208,,,
Q00005,Q00005,5521,,,
Q9NVI7,Q9NVI7,55210,,,
Q8IWZ6,Q8IWZ6,55212,,,
Q8NDN9,Q8NDN9,55213,,,
Q9NVI1,Q9NVI1,55215,,,
Q9NVH6,Q9NVH6,55217,,,
Q9Y2T4,Q9Y2T4,5522,,,
Q9BVG3,Q9BVG3,55223,,,
Q9NVF9,Q9NVF9,55224,,,
Q9H0A0,Q9H0A0,55226,,,
Q9NVE7,Q9NVE7,55229,,,
Q06190,Q06190,5523,,,
Q9NVE5,Q9NVE5,55230,,,
Q9H8S9,Q9H8S9,55233,,,
Q2TAY7,Q2TAY7,55234,,,
A0AVT1,A0AVT1,55236,,,
H3BMC5,H3BMC5,55238,,,
Q15257,Q15257,5524,,,
Q658P3,Q658P3,55240,,,
Q96FL8,Q96FL8,55244,,,
Q9NVA1,Q9NVA1,55245,,,
Q8TAT5,Q8TAT5,55247,,,
Q15172,Q15172,5525,,,
Q6IA86,Q6IA86,55250,,,
Q76L83,Q76L83,55252,,,
Q9NV66,Q9NV66,55253,,,
Q9BV57,Q9BV57,55256,,,
Q9NV56,Q9NV56,55257,,,
Q6TDU7,Q6TDU7,55259,,,
Q15173,Q15173,5526,,,
Q13362,Q13362,5527,,,
Q9NV35,Q9NV35,55270,,,
Q9NV31,Q9NV31,55272,,,
Q96G03,Q96G03,55276,,,
Q9H0R6,Q9H0R6,55278,,,
Q14738,Q14738,5528,,,
Q1X8D7,Q1X8D7,55282,,,
Q8TDD5,Q8TDD5,55283,,,
X6REH9,X6REH9,55284,,,
Q8IXI2,Q8IXI2,55288,,,
Q59EK0,Q59EK0,5529,,,
Q9HAW0,Q9HAW0,55290,,,
Q5H9R7,Q5H9R7,55291,,,
Q969H0,Q969H0,55294,,,
Q53HC5,Q53HC5,55295,,,
C9JQY5,C9JQY5,55298,,,
Q8TDN6,Q8TDN6,55299,,,
P47901,P47901,553,,,
Q08209,Q08209,5530,,,
Q8TCG2,Q8TCG2,55300,,,
Q9NV23,Q9NV23,55301,,,
Q9NUV7,Q9NUV7,55304,,,
Q9NUU7,Q9NUU7,55308,,,
P60510,P60510,5531,,,
Q8N0Y2,Q8N0Y2,55311,,,
Q969G6,Q969G6,55312,,,
Q9BZD2,Q9BZD2,55315,,,
Q9NUS5,Q9NUS5,55317,,,
Q96EY4,Q96EY4,55319,,,
P16298,P16298,5532,,,
Q9BRS8,Q9BRS8,55323,,,
Q9NUQ8,Q9NUQ8,55324,,,
Q9NUQ2,Q9NUQ2,55326,,,
Q5VYX0,Q5VYX0,55328,,,
P48454,P48454,5533,,,
Q9NUP1,Q9NUP1,55330,,,
B7Z2Q2,B7Z2Q2,55331,,,
Q9NUM3,Q9NUM3,55334,,,
Q96CD0,Q96CD0,55336,,,
Q9C0J8,Q9C0J8,55339,,,
P63098,P63098,5534,,,
Q9H089,Q9H089,55341,,,
Q96SI9,Q96SI9,55342,,,
Q96A29,Q96A29,55343,,,
Q9NUJ1,Q9NUJ1,55347,,,
Q8NE62,Q8NE62,55349,,,
Q96LZ3,Q96LZ3,5535,,,
Q9NY57,Q9NY57,55351,,,
Q86VI4,Q86VI4,55353,,,
Q8IZD6,Q8IZD6,55356,,,
Q6J9G0,Q6J9G0,55359,,,
Q9BTU6,Q9BTU6,55361,,,
Q9BXB1,Q9BXB1,55366,,,
Q9HB75,Q9HB75,55367,,,
O00743,O00743,5537,,,
P50897,P50897,5538,,,
Q7L590,Q7L590,55388,,,
P01298,P01298,5539,,,
P30518,P30518,554,,,
P50391,P50391,5540,,,
P04280,P04280,5542,,,
Q9NQX6,Q9NQX6,55422,,,
Q9P1W8,Q9P1W8,55423,,,
P62805,P62805,554313,,,
Q5VVQ6,Q5VVQ6,55432,,,
Q9C0K7,Q9C0K7,55437,,,
Q8N6G5,Q8N6G5,55454,,,
Q96FT4,Q96FT4,5546,,,
Q8WW22,Q8WW22,55466,,,
P42785,P42785,5547,,,
Q7L592,Q7L592,55471,,,
Q9H300,Q9H300,55486,,,
P51888,P51888,5549,,,
P48147,P48147,5550,,,
Q9HBU6,Q9HBU6,55500,,,
Q9NRB3,Q9NRB3,55501,,,
Q96HZ4,Q96HZ4,55502,,,
Q9H1D0,Q9H1D0,55503,,,
Q9NS68,Q9NS68,55504,,,
Q9NPE3,Q9NPE3,55505,,,
Q9P0M6,Q9P0M6,55506,,,
Q9NZD1,Q9NZD1,55507,,,
Q7Z769,Q7Z769,55508,,,
Q9NR55,Q9NR55,55509,,,
P14222,P14222,5551,,,
Q9NXZ2,Q9NXZ2,55510,,,
Q9NY59,Q9NY59,55512,,,
Q96FT7,Q96FT7,55515,,,
P10124,P10124,5552,,,
Q9H777,Q9H777,55520,,,
Q9NQ86,Q9NQ86,55521,,,
Q96HY7,Q96HY7,55526,,,
Q8N4L2,Q8N4L2,55529,,,
P13727,P13727,5553,,,
Q6XR72,Q6XR72,55532,,,
Q9NPV6,Q9NPV6,55534,,,
P02810,P02810,5554,,,
Q9NRM6,Q9NRM6,55540,,,
P02810,P02810,5555,,,
P16415,P16415,55552,,,
P35712,P35712,55553,,,
Q9H2R5,Q9H2R5,55554,,,
Q7L5Y1,Q7L5Y1,55556,,,
P51805,P51805,55558,,,
Q99871,Q99871,55559,,,
Q6DT37,Q6DT37,55561,,,
Q8TD57,Q8TD57,55567,,,
Q86SR1,Q86SR1,55568,,,
P49642,P49642,5557,,,
Q96CU9,Q96CU9,55572,,,
Q8WWQ8,Q8WWQ8,55576,,,
Q9UJ70,Q9UJ70,55577,,,
P49643,P49643,5558,,,
Q86VH2,Q86VH2,55582,,,
Q9UGM1,Q9UGM1,55584,,,
Q7Z7E8,Q7Z7E8,55585,,,
Q9UGB7,Q9UGB7,55586,,,
Q9NX70,Q9NX70,55588,,,
Q9NSY1,Q9NSY1,55589,,,
Q96G74,Q96G74,55593,,,
Q6NZY4,Q6NZY4,55596,,,
Q96LT9,Q96LT9,55599,,,
Q8WWA0,Q8WWA0,55600,,,
Q7Z4S6,Q7Z4S6,55605,,,
Q9ULJ8,Q9ULJ8,55607,,,
Q96FW1,Q96FW1,55611,,,
Q9BQL6,Q9BQL6,55612,,,
Q96EF0,Q96EF0,55613,,,
Q96L93,Q96L93,55614,,,
Q8TDY4,Q8TDY4,55616,,,
Q9H6P5,Q9H6P5,55617,,,
Q13131,Q13131,5562,,,
Q9NXH9,Q9NXH9,55621,,,
Q9NXG2,Q9NXG2,55623,,,
Q9NXF8,Q9NXF8,55625,,,
Q9C0C7,Q9C0C7,55626,,,
Q9NXE4,Q9NXE4,55627,,,
Q9NPJ4,Q9NPJ4,55629,,,
P54646,P54646,5563,,,
Q9NX22,Q9NX22,55630,,,
Q9P2D1,Q9P2D1,55636,,,
Q9Y478,Q9Y478,5564,,,
Q9UPI3,Q9UPI3,55640,,,
Q9BX70,Q9BX70,55643,,,
Q9NPF4,Q9NPF4,55644,,,
Q9NX58,Q9NX58,55646,,,
Q9NX57,Q9NX57,55647,,,
O43741,O43741,5565,,,
Q9NUD9,Q9NUD9,55650,,,
Q9NX24,Q9NX24,55651,,,
Q6P1K1,Q6P1K1,55652,,,
Q9NX02,Q9NX02,55655,,,
Q75QN2,Q75QN2,55656,,,
Q9BV68,Q9BV68,55658,,,
Q9BWM5,Q9BWM5,55659,,,
P17612,P17612,5566,,,
Q05C41,Q05C41,55660,,,
Q96GQ7,Q96GQ7,55661,,,
Q9NWT6,Q9NWT6,55662,,,
Q8NDK2,Q8NDK2,55663,,,
Q8TAT6,Q8TAT6,55666,,,
Q9NWQ4,Q9NWQ4,55668,,,
Q8IWA4,Q8IWA4,55669,,,
P22694,P22694,5567,,,
Q7Z412,Q7Z412,55670,,,
Q8N6W1,Q8N6W1,55671,,,
Q6NXT4,Q6NXT4,55676,,,
Q96ST2,Q96ST2,55677,,,
P22612,P22612,5568,,,
Q6P3W7,Q6P3W7,55681,,,
Q9P2N6,Q9P2N6,55683,,,
Q2PPL5,Q2PPL5,55687,,,
P61925,P61925,5569,,,
Q6B0I6,Q6B0I6,55693,,,
Q96P11,Q96P11,55695,,,
Q9NW64,Q9NW64,55696,,,
Q9NTB8,Q9NTB8,55697,,,
Q9NSE4,Q9NSE4,55699,,,
Q3KQU3,Q3KQU3,55700,,,
Q9NW08,Q9NW08,55703,,,
Q9BTX1,Q9BTX1,55706,,,
Q9NVX7,Q9NVX7,55709,,,
P54619,P54619,5571,,,
Q9NUX8,Q9NUX8,55711,,,
Q5XKG8,Q5XKG8,55713,,,
Q9NVU0,Q9NVU0,55718,,,
Q2NL82,Q2NL82,55720,,,
Q9P209,Q9P209,55722,,,
Q9NVP2,Q9NVP2,55723,,,
Q9P203,Q9P203,55727,,,
Q86UW6,Q86UW6,55728,,,
P10644,P10644,5573,,,
Q9NVH1,Q9NVH1,55735,,,
Q96QK1,Q96QK1,55737,,,
Q8N6T3,Q8N6T3,55738,,,
Q8IW45,Q8IW45,55739,,,
Q8N8S7,Q8N8S7,55740,,,
Q9BV94,Q9BV94,55741,,,
Q9NVD7,Q9NVD7,55742,,,
Q96EP1,Q96EP1,55743,,,
Q9GZY4,Q9GZY4,55744,,,
Q9H0R1,Q9H0R1,55745,,,
Q8WUM0,Q8WUM0,55746,,,
Q96KP4,Q96KP4,55748,,,
P31321,P31321,5575,,,
Q53H12,Q53H12,55750,,,
Q9NVA2,Q9NVA2,55752,,,
Q9ULD0,Q9ULD0,55753,,,
Q96SN8,Q96SN8,55755,,,
Q9NV88,Q9NV88,55756,,,
Q9NYU1,Q9NYU1,55757,,,
Q9GZL7,Q9GZL7,55759,,,
P13861,P13861,5576,,,
Q7L7V1,Q7L7V1,55760,,,
Q9NV72,Q9NV72,55762,,,
Q9HBG6,Q9HBG6,55764,,,
Q9BTM1,Q9BTM1,55766,,,
Q96IV0,Q96IV0,55768,,,
P51522,P51522,55769,,,
P31323,P31323,5577,,,
Q96KP1,Q96KP1,55770,,,
Q9NUW8,Q9NUW8,55775,,,
Q7Z727,Q7Z727,5578,,,
Q9BVS4,Q9BVS4,55781,,,
Q8IYT2,Q8IYT2,55783,,,
Q6ZV73,Q6ZV73,55785,,,
Q09FC8,Q09FC8,55786,,,
Q9NUN5,Q9NUN5,55788,,,
P05771,P05771,5579,,,
Q8TDX6,Q8TDX6,55790,,,
Q9NUK0,Q9NUK0,55796,,,
Q8IZS8,Q8IZS8,55799,,,
M0R0W6,M0R0W6,558,,,
Q05655,Q05655,5580,,,
Q9NY72,Q9NY72,55800,,,
Q9NPH9,Q9NPH9,55801,,,
Q9NPI6,Q9NPI6,55802,,,
O43593,O43593,55806,,,
Q02156,Q02156,5581,,,
Q9P0K8,Q9P0K8,55810,,,
Q96PN6,Q96PN6,55811,,,
Q9P0W8,Q9P0W8,55812,,,
Q9NYH9,Q9NYH9,55813,,,
A6H8Y1,A6H8Y1,55814,,,
Q9Y4C1,Q9Y4C1,55818,,,
Q86XS8,Q86XS8,55819,,,
P05129,P05129,5582,,,
Q8N6M5,Q8N6M5,55821,,,
Q9BY49,Q9BY49,55825,,,
Q58WW2,Q58WW2,55827,,,
Q9BQE4,Q9BQE4,55829,,,
P24723,P24723,5583,,,
Q86VP6,Q86VP6,55832,,,
Q9HC77,Q9HC77,55835,,,
Q96H22,Q96H22,55839,,,
P41743,P41743,5584,,,
Q96CJ1,Q96CJ1,55840,,,
Q6IN90,Q6IN90,55844,,,
Q8WUW1,Q8WUW1,55845,,,
Q16512,Q16512,5585,,,
Q9NZ43,Q9NZ43,55850,,,
Q9NZ42,Q9NZ42,55851,,,
Q9NPJ3,Q9NPJ3,55856,,,
Q2M2Z5,Q2M2Z5,55857,,,
Q16513,Q16513,5586,,,
Q9NZ32,Q9NZ32,55860,,,
Q9NTX5,Q9NTX5,55862,,,
B4DP48,B4DP48,55863,,,
Q9NSA0,Q9NSA0,55867,,,
Q9BY41,Q9BY41,55869,,,
Q15139,Q15139,5587,,,
Q9NR48,Q9NR48,55870,,,
Q96KB5,Q96KB5,55872,,,
Q9UN88,Q9UN88,55879,,,
Q04759,Q04759,5588,,,
Q9NYS7,Q9NYS7,55884,,,
Q9P0L1,Q9P0L1,55888,,,
P14314,P14314,5589,,,
Q9NQ84,Q9NQ84,55890,,,
Q9BRJ9,Q9BRJ9,55897,,,
Q05513,Q05513,5590,,,
Q9NR11,Q9NR11,55900,,,
Q9NR19,Q9NR19,55902,,,
Q8IZD2,Q8IZD2,55904,,,
Q9Y508,Q9Y508,55905,,,
Q8NFW8,Q8NFW8,55907,,,
P78527,P78527,5591,,,
Q96RT1,Q96RT1,55914,,,
Q9NPJ8,Q9NPJ8,55916,,,
Q13976,Q13976,5592,,,
Q9NPF5,Q9NPF5,55929,,,
Q13237,Q13237,5593,,,
Q9NQX4,Q9NQX4,55930,,,
Q499G7,Q499G7,5594,,,
P27361,P27361,5595,,,
Q9UDW3,Q9UDW3,55954,,,
Q9P2J3,Q9P2J3,55958,,,
Q8IWU5,Q8IWU5,55959,,,
P31152,P31152,5596,,,
Q9UH03,Q9UH03,55964,,,
Q9UI09,Q9UI09,55967,,,
Q9UNZ2,Q9UNZ2,55968,,,
Q16659,Q16659,5597,,,
Q9UBI6,Q9UBI6,55970,,,
Q8TBP6,Q8TBP6,55972,,,
Q9BRV3,Q9BRV3,55974,,,
Q8IXQ5,Q8IXQ5,55975,,,
Q13164,Q13164,5598,,,
P45983,P45983,5599,,,
Q9H1B4,Q9H1B4,55998,,,
Q15759,Q15759,5600,,,
Q9H4D5,Q9H4D5,56000,,,
Q9GZY0,Q9GZY0,56001,,,
Q9H0W8,Q9H0W8,56006,,,
P45984,P45984,5601,,,
P53779,P53779,5602,,,
O15264,O15264,5603,,,
Q9HBU1,Q9HBU1,56033,,,
Q9NRA1,Q9NRA1,56034,,,
Q02750,Q02750,5604,,,
P36507,P36507,5605,,,
Q9BT22,Q9BT22,56052,,,
P46734,P46734,5606,,,
Q9C0H6,Q9C0H6,56062,,,
Q13163,Q13163,5607,,,
P52564,P52564,5608,,,
O14733,O14733,5609,,,
Q9Y5F6,Q9Y5F6,56097,,,
Q9Y5F7,Q9Y5F7,56098,,,
Q9Y5F8,Q9Y5F8,56099,,,
Q8IW76,Q8IW76,5610,,,
Q9Y5F9,Q9Y5F9,56100,,,
Q9Y5G0,Q9Y5G0,56101,,,
Q9Y5G1,Q9Y5G1,56102,,,
Q9Y5G2,Q9Y5G2,56103,,,
Q9Y5G3,Q9Y5G3,56104,,,
Q9Y5H2,Q9Y5H2,56105,,,
Q9Y5H3,Q9Y5H3,56106,,,
Q9Y5G4,Q9Y5G4,56107,,,
Q9Y5G6,Q9Y5G6,56108,,,
Q9Y5G7,Q9Y5G7,56109,,,
Q13217,Q13217,5611,,,
Q9Y5G8,Q9Y5G8,56110,,,
Q9Y5G9,Q9Y5G9,56111,,,
Q9Y5H0,Q9Y5H0,56112,,,
Q9Y5H1,Q9Y5H1,56113,,,
Q9Y5H4,Q9Y5H4,56114,,,
Q9Y5E8,Q9Y5E8,56121,,,
Q9Y5E9,Q9Y5E9,56122,,,
Q9Y5F0,Q9Y5F0,56123,,,
Q9Y5F1,Q9Y5F1,56124,,,
Q9Y5F2,Q9Y5F2,56125,,,
Q9UN67,Q9UN67,56126,,,
Q9Y5E1,Q9Y5E1,56127,,,
Q9UN66,Q9UN66,56128,,,
Q9Y5E2,Q9Y5E2,56129,,,
P51817,P51817,5613,,,
Q9Y5E3,Q9Y5E3,56130,,,
Q9Y5E5,Q9Y5E5,56131,,,
Q9Y5E6,Q9Y5E6,56132,,,
Q9Y5E7,Q9Y5E7,56133,,,
Q9Y5I4,Q9Y5I4,56134,,,
Q9H158,Q9H158,56135,,,
Q9Y5I0,Q9Y5I0,56136,,,
Q9UN75,Q9UN75,56137,,,
Q9Y5I1,Q9Y5I1,56138,,,
Q9Y5I2,Q9Y5I2,56139,,,
Q9Y5H6,Q9Y5H6,56140,,,
Q9UN72,Q9UN72,56141,,,
Q9UN73,Q9UN73,56142,,,
Q9Y5H7,Q9Y5H7,56143,,,
Q9UN74,Q9UN74,56144,,,
Q9Y5H8,Q9Y5H8,56145,,,
Q9Y5H9,Q9Y5H9,56146,,,
Q9Y5I3,Q9Y5I3,56147,,,
Q8IWB6,Q8IWB6,56155,,,
Q9BXU0,Q9BXU0,56158,,,
B7Z7S1,B7Z7S1,56163,,,
Q9BXU1,Q9BXU1,56164,,,
Q9BXT4,Q9BXT4,56165,,,
Q5THQ0,Q5THQ0,5617,,,
Q8WXX0,Q8WXX0,56171,,,
P16471,P16471,5618,,,
Q53YK7,Q53YK7,5621,,,
P04070,P04070,5624,,,
O75346,O75346,56242,,,
O43272,O43272,5625,,,
Q8NF45,Q8NF45,56252,,,
O95727,O95727,56253,,,
Q5VTR2,Q5VTR2,56254,,,
Q7L2J0,Q7L2J0,56257,,,
Q8WYA6,Q8WYA6,56259,,,
O75360,O75360,5626,,,
Q9NPB8,Q9NPB8,56261,,,
Q96SM3,Q96SM3,56265,,,
Q6YP21,Q6YP21,56267,,,
P07225,P07225,5627,,,
Q8TEW0,Q8TEW0,56288,,,
P41219,P41219,5630,,,
Q9NZH8,Q9NZH8,56300,,,
Q9NS82,Q9NS82,56301,,,
Q9NQA5,Q9NQA5,56302,,,
P60891,P60891,5631,,,
Q86U44,Q86U44,56339,,,
P11908,P11908,5634,,,
Q9NR22,Q9NR22,56341,,,
Q9NQ55,Q9NQ55,56342,,,
Q99538,Q99538,5641,,,
Q9NPC1,Q9NPC1,56413,,,
P07477,P07477,5644,,,
Q6PK75,Q6PK75,5645,,,
Q7Z5F4,Q7Z5F4,5646,,,
Q9NRF8,Q9NRF8,56474,,,
Q9NS64,Q9NS64,56475,,,
Q9NRJ3,Q9NRJ3,56477,,,
Q9NRA8,Q9NRA8,56478,,,
Q9NR82,Q9NR82,56479,,,
P48740,P48740,5648,,,
P78509,P78509,5649,,,
P49862,P49862,5650,,,
P98073,P98073,5651,,,
Q16651,Q16651,5652,,,
Q9UKB3,Q9UKB3,56521,,,
Q92876,Q92876,5653,,,
Q92743,Q92743,5654,,,
Q9NRE1,Q9NRE1,56547,,,
Q9NS84,Q9NS84,56548,,,
O43240,O43240,5655,,,
P24158,P24158,5657,,,
P07602,P07602,5660,,,
Q9NR63,Q9NR63,56603,,,
Q86YB8,Q86YB8,56605,,,
Q9NRM0,Q9NRM0,56606,,,
Q9NR28,Q9NR28,56616,,,
A5PKW4,A5PKW4,5662,,,
Q9NRR6,Q9NRR6,56623,,,
Q9NR71,Q9NR71,56624,,,
P49768,P49768,5663,,,
P49810,P49810,5664,,,
Q9P287,Q9P287,56647,,,
Q9GZV4,Q9GZV4,56648,,,
Q9NRS4,Q9NRS4,56649,,,
Q9H6V3,Q9H6V3,56652,,,
Q9NR33,Q9NR33,56655,,,
Q9NQN1,Q9NQN1,56656,,,
Q9HCM9,Q9HCM9,56658,,,
Q9HB14,Q9HB14,56659,,,
Q9HB15,Q9HB15,56660,,,
Q96RD6,Q96RD6,56666,,,
Q9H3R2,Q9H3R2,56667,,,
Q9BXA5,Q9BXA5,56670,,,
Q9NQ33,Q9NQ33,56676,,,
Q9NR31,Q9NR31,56681,,,
P11464,P11464,5669,,,
P61769,P61769,567,,,
P11465,P11465,5670,,,
Q9HDC5,Q9HDC5,56704,,,
Q16557,Q16557,5671,,,
Q96QL5,Q96QL5,5672,,,
Q9HD89,Q9HD89,56729,,,
Q15238,Q15238,5673,,,
Q00889,Q00889,5675,,,
Q9BZE3,Q9BZE3,56751,,,
A0A096LNM5,A0A096LNM5,5676,,,
Q9NZ56,Q9NZ56,56776,,,
Q05DN5,Q05DN5,5678,,,
Q9UQ72,Q9UQ72,5680,,,
P11801,P11801,5681,,,
B4E0X6,B4E0X6,5682,,,
Q7Z2W4,Q7Z2W4,56829,,,
P25787,P25787,5683,,,
Q9P0W0,Q9P0W0,56832,,,
Q9P0V8,Q9P0V8,56833,,,
P25788,P25788,5684,,,
Q9NRA0,Q9NRA0,56848,,,
P25789,P25789,5685,,,
Q9NS91,Q9NS91,56852,,,
Q9BZC1,Q9BZC1,56853,,,
P28066,P28066,5686,,,
P60900,P60900,5687,,,
O14818,O14818,5688,,,
Q9NYU2,Q9NYU2,56886,,,
Q9HD45,Q9HD45,56889,,,
P20618,P20618,5689,,,
Q8TC05,Q8TC05,56890,,,
Q8TCE9,Q8TCE9,56891,,,
Q9NRR5,Q9NRR5,56893,,,
Q9NRZ7,Q9NRZ7,56894,,,
Q9NRZ5,Q9NRZ5,56895,,,
Q9BPU6,Q9BPU6,56896,,,
Q96S55,Q96S55,56897,,,
Q9BUT1,Q9BUT1,56898,,,
B7Z478,B7Z478,5690,,,
Q9NRX3,Q9NRX3,56901,,,
Q9NRX1,Q9NRX1,56902,,,
Q9NRJ5,Q9NRJ5,56903,,,
Q9NR46,Q9NR46,56904,,,
Q08AE8,Q08AE8,56907,,,
P49720,P49720,5691,,,
Q9NQC8,Q9NQC8,56912,,,
Q9NS00,Q9NS00,56913,,,
Q9NQT4,Q9NQT4,56915,,,
Q9H4L7,Q9H4L7,56916,,,
Q99687,Q99687,56917,,,
Q9H6R0,Q9H6R0,56919,,,
P28070,P28070,5692,,,
Q9NS98,Q9NS98,56920,,,
Q96RQ3,Q96RQ3,56922,,,
Q9GZQ4,Q9GZQ4,56923,,,
Q9NQU5,Q9NQU5,56924,,,
Q8TCT7,Q8TCT7,56928,,,
P28074,P28074,5693,,,
Q96G46,Q96G46,56931,,,
Q8WYA1,Q8WYA1,56938,,,
A0A087X2I4,A0A087X2I4,5694,,,
Q9NRW4,Q9NRW4,56940,,,
Q9NRP2,Q9NRP2,56942,,,
Q9NPA8,Q9NPA8,56943,,,
P82650,P82650,56945,,,
Q9NRG7,Q9NRG7,56948,,,
Q9HCS7,Q9HCS7,56949,,,
Q99436,Q99436,5695,,,
Q9NRG4,Q9NRG4,56950,,,
Q9NPB1,Q9NPB1,56953,,,
V9HW91,V9HW91,56954,,,
Q9NQ69,Q9NQ69,56956,,,
Q6GQQ9,Q6GQQ9,56957,,,
P28062,P28062,5696,,,
Q96B86,Q96B86,56963,,,
Q2NL67,Q2NL67,56965,,,
P10082,P10082,5697,,,
Q14CW9,Q14CW9,56970,,,
Q7Z692,Q7Z692,56971,,,
P28065,P28065,5698,,,
Q8NBL1,Q8NBL1,56983,,,
Q969U7,Q969U7,56984,,,
W0NWJ0,W0NWJ0,56985,,,
P40306,P40306,5699,,,
Q9NS87,Q9NS87,56992,,,
Q9NS69,Q9NS69,56993,,,
Q8WUD6,Q8WUD6,56994,,,
Q9BXP2,Q9BXP2,56996,,,
Q8NI60,Q8NI60,56997,,,
Q9NSA3,Q9NSA3,56998,,,
Q9P2N4,Q9P2N4,56999,,,
Q14032,Q14032,570,,,
Q53XL8,Q53XL8,5700,,,
P25106,P25106,57007,,,
P35998,P35998,5701,,,
O60218,O60218,57016,,,
O75208,O75208,57017,,,
P17980,P17980,5702,,,
Q96GD0,Q96GD0,57026,,,
Q9P2U7,Q9P2U7,57030,,,
Q5T160,Q5T160,57038,,,
P43686,P43686,5704,,,
P62195,P62195,5705,,,
Q9NQZ2,Q9NQZ2,57050,,,
Q9GZZ6,Q9GZZ6,57053,,,
Q9UMR3,Q9UMR3,57057,,,
P62333,P62333,5706,,,
P57723,P57723,57060,,,
Q9GZR7,Q9GZR7,57062,,,
Q99460,Q99460,5707,,,
Q13200,Q13200,5708,,,
Q8NG31,Q8NG31,57082,,,
Q9P2U8,Q9P2U8,57084,,,
Q9NQZ7,Q9NQZ7,57089,,,
O43242,O43242,5709,,,
P0CI25,P0CI25,57093,,,
Q8N4T0,Q8N4T0,57094,,,
Q96KN7,Q96KN7,57096,,,
Q9NR21,Q9NR21,57097,,,
O14867,O14867,571,,,
P55036,P55036,5710,,,
Q9NQ90,Q9NQ90,57101,,,
Q9NQ88,Q9NQ88,57103,,,
Q96AD5,Q96AD5,57104,,,
Q9NS75,Q9NS75,57105,,,
Q86YH6,Q86YH6,57107,,,
Q9GZR2,Q9GZR2,57109,,,
Q16401,Q16401,5711,,,
P57735,P57735,57111,,,
Q9HCX4,Q9HCX4,57113,,,
Q96LB8,Q96LB8,57115,,,
Q96CB8,Q96CB8,57117,,,
Q8IU85,Q8IU85,57118,,,
Q9H1C0,Q9H1C0,57121,,,
P57740,P57740,57122,,,
Q9HCU0,Q9HCU0,57124,,,
Q8N6Q3,Q8N6Q3,57126,,,
Q9H310,Q9H310,57127,,,
Q9HD33,Q9HD33,57129,,,
P51665,P51665,5713,,,
Q9HD20,Q9HD20,57130,,,
Q7LBR1,Q7LBR1,57132,,,
Q9NR34,Q9NR34,57134,,,
Q3MIN7,Q3MIN7,57139,,,
V9HW09,V9HW09,5714,,,
Q9HAU8,Q9HAU8,57140,,,
Q86TW2,Q86TW2,57143,,,
Q9P286,Q9P286,57144,,,
Q8IZE3,Q8IZE3,57147,,,
O00233,O00233,5715,,,
O75951,O75951,57151,,,
Q8IWA5,Q8IWA5,57153,,,
Q9HCE7,Q9HCE7,57154,,,
Q9BR39,Q9BR39,57158,,,
Q9BYV2,Q9BYV2,57159,,,
O75832,O75832,5716,,,
Q9HAT8,Q9HAT8,57161,,,
Q96FA3,Q96FA3,57162,,,
Q5T442,Q5T442,57165,,,
O00231,O00231,5717,,,
Q86YN1,Q86YN1,57171,,,
Q96NX5,Q96NX5,57172,,,
Q9BR76,Q9BR76,57175,,,
Q5ST30,Q5ST30,57176,,,
O00232,O00232,5718,,,
Q9P1U1,Q9P1U1,57180,,,
Q9ULF5,Q9ULF5,57181,,,
Q8NI27,Q8NI27,57187,,,
Q9UNM6,Q9UNM6,5719,,,
Q9GZP7,Q9GZP7,57191,,,
Q9GZU1,Q9GZU1,57192,,,
O60312,O60312,57194,,,
P98198,P98198,57198,,,
Q92934,Q92934,572,,,
Q06323,Q06323,5720,,,
Q9P241,Q9P241,57205,,,
Q8NDW4,Q8NDW4,57209,,,
Q9UL46,Q9UL46,5721,,,
Q5BKX6,Q5BKX6,57210,,,
Q86SQ4,Q86SQ4,57211,,,
Q8WUJ3,Q8WUJ3,57214,,,
Q9ULK5,Q9ULK5,57216,,,
Q5TH69,Q5TH69,57221,,,
Q5MIZ7,Q5MIZ7,57223,,,
P78330,P78330,5723,,,
Q9Y5W7,Q9Y5W7,57231,,,
Q2M218,Q2M218,57232,,,
P25105,P25105,5724,,,
P26599,P26599,5725,,,
P59533,P59533,5726,,,
Q59FG5,Q59FG5,5727,,,
P60484,P60484,5728,,,
Q6U841,Q6U841,57282,,,
Q13258,Q13258,5729,,,
Q8N109,Q8N109,57292,,,
Q99933,Q99933,573,,,
P41222,P41222,5730,,,
P34995,P34995,5731,,,
P43116,P43116,5732,,,
P43115,P43115,5733,,,
Q9HC52,Q9HC52,57332,,,
Q9HBT8,Q9HBT8,57335,,,
Q9HBT7,Q9HBT7,57336,,,
Q9BQF6,Q9BQF6,57337,,,
Q96HD8,Q96HD8,57338,,,
P35408,P35408,5734,,,
Q2T9G7,Q2T9G7,57343,,,
Q9UKL4,Q9UKL4,57369,,,
P43088,P43088,5737,,,
Q9GZX7,Q9GZX7,57379,,,
Q9P2B2,Q9P2B2,5738,,,
Q9HD23,Q9HD23,57380,,,
Q9H4E5,Q9H4E5,57381,,,
P43119,P43119,5739,,,
Q9HAZ1,Q9HAZ1,57396,,,
Q16647,Q16647,5740,,,
Q9UL26,Q9UL26,57403,,,
Q6UW02,Q6UW02,57404,,,
Q9HBM1,Q9HBM1,57405,,,
Q9BV23,Q9BV23,57406,,,
P01270,P01270,5741,,,
Q96KG9,Q96KG9,57410,,,
Q9HBK9,Q9HBK9,57412,,,
Q6NTF9,Q6NTF9,57414,,,
Q9BV38,Q9BV38,57418,,,
Q9HC58,Q9HC58,57419,,,
P23219,P23219,5742,,,
P35354,P35354,5743,,,
Q9NR09,Q9NR09,57448,,,
O94827,O94827,57449,,,
Q03431,Q03431,5745,,,
Q8N428,Q8N428,57452,,,
Q8TD84,Q8TD84,57453,,,
Q9Y4X1,Q9Y4X1,574537,,,
Q8N1G1,Q8N1G1,57455,,,
P49190,P49190,5746,,,
Q9ULR3,Q9ULR3,57460,,,
Q9ULR0,Q9ULR0,57461,,,
O95104,O95104,57466,,,
Q9H2X9,Q9H2X9,57468,,,
Q658W2,Q658W2,5747,,,
Q9ULM6,Q9ULM6,57472,,,
Q9ULM2,Q9ULM2,57474,,,
Q9ULL8,Q9ULL8,57477,,,
Q70CQ4,Q70CQ4,57478,,,
Q9BYT8,Q9BYT8,57486,,,
A9YTQ3,A9YTQ3,57491,,,
Q8NFD5,Q8NFD5,57492,,,
Q9ULI2,Q9ULI2,57494,,,
Q9ULH4,Q9ULH4,57497,,,
Q9ULH0,Q9ULH0,57498,,,
O14514,O14514,575,,,
Q8N0W4,Q8N0W4,57502,,,
Q9BTC8,Q9BTC8,57504,,,
Q5JTZ9,Q5JTZ9,57505,,,
Q7Z434,Q7Z434,57506,,,
Q9H0H0,Q9H0H0,57508,,,
Q9HAV4,Q9HAV4,57510,,,
Q5T848,Q5T848,57512,,,
Q9P2P6,Q9P2P6,57519,,,
Q9P2P5,Q9P2P5,57520,,,
Q8N122,Q8N122,57521,,,
Q7Z6B7,Q7Z6B7,57522,,,
Q8TAB3,Q8TAB3,57526,,,
Q13882,Q13882,5753,,,
Q9P2M7,Q9P2M7,57530,,,
Q8IYU2,Q8IYU2,57531,,,
Q86YT6,Q86YT6,57534,,,
Q96L96,Q96L96,57538,,,
Q9P2L0,Q9P2L0,57539,,,
Q13308,Q13308,5754,,,
Q8TD17,Q8TD17,57541,,,
Q9P2K1,Q9P2K1,57545,,,
Q9P2J9,Q9P2J9,57546,,,
Q9P2J8,Q9P2J8,57547,,,
Q7L7X3,Q7L7X3,57551,,,
Q6PIU2,Q6PIU2,57552,,,
Q8NFZ4,Q8NFZ4,57555,,,
Q9H2E6,Q9H2E6,57556,,,
Q9P2H5,Q9P2H5,57558,,,
Q96FJ0,Q96FJ0,57559,,,
Q12792,Q12792,5756,,,
Q9P2H3,Q9P2H3,57560,,,
Q9P2G9,Q9P2G9,57563,,,
Q9P2G3,Q9P2G3,57565,,,
Q9P2F8,Q9P2F8,57568,,,
P06454,P06454,5757,,,
Q32P41,Q32P41,57570,,,
A5YM72,A5YM72,57571,,,
Q9BX82,Q9BX82,57573,,,
Q9P2E8,Q9P2E8,57574,,,
Q9P2E7,Q9P2E7,57575,,,
Q9P2E2,Q9P2E2,57576,,,
Q8TCU6,Q8TCU6,57580,,,
Q5JUK3,Q5JUK3,57582,,,
Q9BQW3,Q9BQW3,57593,,,
Q76G19,Q76G19,57595,,,
Q8TAF3,Q8TAF3,57599,,,
O60241,O60241,576,,,
Q9P275,Q9P275,57602,,,
Q9P270,Q9P270,57606,,,
Q9P255,Q9P255,57615,,,
Q63HK5,Q63HK5,57616,,,
Q8TF72,Q8TF72,57619,,,
Q9P246,Q9P246,57620,,,
Q8N680,Q8N680,57621,,,
Q9P244,Q9P244,57622,,,
Q9NR64,Q9NR64,57626,,,
Q7Z6J0,Q7Z6J0,57630,,,
Q96L91,Q96L91,57634,,,
P21246,P21246,5764,,,
A7E2Y1,A7E2Y1,57644,,,
B4E3L3,B4E3L3,57646,,,
Q8IY37,Q8IY37,57647,,,
Q9P1Z3,Q9P1Z3,57657,,,
Q9P1Z0,Q9P1Z0,57659,,,
Q9P1Y6,Q9P1Y6,57661,,,
Q9P1Y5,Q9P1Y5,57662,,,
Q9HBJ7,Q9HBJ7,57663,,,
Q9HBH5,Q9HBH5,57665,,,
Q9HCL2,Q9HCL2,57678,,,
Q96Q42,Q96Q42,57679,,,
Q13876,Q13876,5768,,,
Q9HCK8,Q9HCK8,57680,,,
Q9HCK0,Q9HCK0,57684,,,
Q9HCJ2,Q9HCJ2,57689,,,
Q9HCJ0,Q9HCJ0,57690,,,
Q96PQ6,Q96PQ6,57693,,,
Q86T82,Q86T82,57695,,,
Q8TEC9,Q8TEC9,57696,,,
Q8IYD8,Q8IYD8,57697,,,
O60242,O60242,577,,,
P18031,P18031,5770,,,
Q9HCG8,Q9HCG8,57703,,,
Q9HCG7,Q9HCG7,57704,,,
Q8TBB6,Q8TBB6,57709,,,
P17706,P17706,5771,,,
Q6P280,Q6P280,57711,,,
Q9NTN9,Q9NTN9,57715,,,
Q9NRJ7,Q9NRJ7,57717,,,
Q6NUP7,Q6NUP7,57718,,,
Q9HCE9,Q9HCE9,57719,,,
Q9HCE5,Q9HCE5,57721,,,
Q8NEZ3,Q8NEZ3,57728,,,
Q9H254,Q9H254,57731,,,
Q9H227,Q9H227,57733,,,
Q8N4S3,Q8N4S3,5774,,,
P29074,P29074,5775,,,
Q96RU7,Q96RU7,57761,,,
P29350,P29350,5777,,,
B4DZD9,B4DZD9,5778,,,
Q9NYW8,Q9NYW8,57786,,,
Q96L34,Q96L34,57787,,,
Q8IWZ8,Q8IWZ8,57794,,,
Q96S21,Q96S21,57799,,,
Q16611,Q16611,578,,,
Q6IQ43,Q6IQ43,5780,,,
Q9HCC6,Q9HCC6,57801,,,
Q9HCU8,Q9HCU8,57804,,,
Q06124,Q06124,5781,,,
Q9NQR9,Q9NQR9,57818,,,
Q9Y333,Q9Y333,57819,,,
Q05209,Q05209,5782,,,
Q9NPC3,Q9NPC3,57820,,,
Q8TE85,Q8TE85,57822,,,
Q9NQ25,Q9NQ25,57823,,,
Q9Y3L5,Q9Y3L5,57826,,,
Q6ZRH7,Q6ZRH7,57828,,,
Q12923,Q12923,5783,,,
Q9HBI6,Q9HBI6,57834,,,
Q9BY07,Q9BY07,57835,,,
Q15678,Q15678,5784,,,
P18433,P18433,5786,,,
Q8N126,Q8N126,57863,,,
Q9BY10,Q9BY10,57864,,,
Q86VA4,Q86VA4,5787,,,
M9MML4,M9MML4,5788,,,
Q59H90,Q59H90,5789,,,
P78367,P78367,579,,,
Q96P81,Q96P81,5791,,,
P10586,P10586,5792,,,
Q49A02,Q49A02,5793,,,
Q12913,Q12913,5795,,,
Q15262,Q15262,5796,,,
P28827,P28827,5797,,,
Q16849,Q16849,5798,,,
Q92932,Q92932,5799,,,
P68133,P68133,58,,,
Q99728,Q99728,580,,,
Q16827,Q16827,5800,,,
Q15256,Q15256,5801,,,
Q8NHS7,Q8NHS7,5802,,,
P23471,P23471,5803,,,
Q03393,Q03393,5805,,,
Q07812,Q07812,581,,,
O60671,O60671,5810,,,
Q9UKA9,Q9UKA9,58155,,,
Q9HD90,Q9HD90,58158,,,
P15151,P15151,5817,,,
Q15223,Q15223,5818,,,
Q92692,Q92692,5819,,,
Q9GZU7,Q9GZU7,58190,,,
Q9H2A7,Q9H2A7,58191,,,
Q8NFJ9,Q8NFJ9,582,,,
Q15269,Q15269,5822,,,
P40855,P40855,5824,,,
P28288,P28288,5825,,,
O14678,O14678,5826,,,
Q9NR77,Q9NR77,5827,,,
P28328,P28328,5828,,,
P49023,P49023,5829,,,
Q9BXC9,Q9BXC9,583,,,
P50542,P50542,5830,,,
E2QRB3,E2QRB3,5831,,,
P54886,P54886,5832,,,
Q99447,Q99447,5833,,,
P11216,P11216,5834,,,
P06737,P06737,5836,,,
P11217,P11217,5837,,,
Q9Y6N5,Q9Y6N5,58472,,,
Q9Y5M8,Q9Y5M8,58477,,,
Q9UHY7,Q9UHY7,58478,,,
Q7L0Q8,Q7L0Q8,58480,,,
Q9NPP4,Q9NPP4,58484,,,
Q9NQG5,Q9NQG5,58490,,,
Q15935,Q15935,58492,,,
P57087,P57087,58494,,,
Q9BRP0,Q9BRP0,58495,,,
Q8NDX9,Q8NDX9,58496,,,
Q86TP1,Q86TP1,58497,,,
Q01449,Q01449,58498,,,
Q96RK4,Q96RK4,585,,,
P15622,P15622,58500,,,
Q8NEZ4,Q8NEZ4,58508,,,
Q9UF12,Q9UF12,58510,,,
Q8WZ79,Q8WZ79,58511,,,
Q9UBC2,Q9UBC2,58513,,,
P49756,P49756,58517,,,
Q9NQL9,Q9NQL9,58524,,,
Q9NQL2,Q9NQL2,58528,,,
O95868,O95868,58530,,,
Q9UNH7,Q9UNH7,58533,,,
P47897,P47897,5859,,,
P54687,P54687,586,,,
P09417,P09417,5860,,,
Q5U0I6,Q5U0I6,5861,,,
P61019,P61019,5862,,,
O15211,O15211,5863,,,
P20336,P20336,5864,,,
P20337,P20337,5865,,,
Q8TBN0,Q8TBN0,5866,,,
P20338,P20338,5867,,,
P20339,P20339,5868,,,
P61020,P61020,5869,,,
O15382,O15382,587,,,
Q53ET8,Q53ET8,5870,,,
Q12851,Q12851,5871,,,
P51153,P51153,5872,,,
P51159,P51159,5873,,,
O00194,O00194,5874,,,
Q92696,Q92696,5875,,,
Q6IB63,Q6IB63,5876,,,
P51148,P51148,5878,,,
P63000,P63000,5879,,,
V9H0H7,V9H0H7,5880,,,
P60763,P60763,5881,,,
Q99638,Q99638,5883,,,
O75943,O75943,5884,,,
O60216,O60216,5885,,,
P54725,P54725,5886,,,
B7Z4W4,B7Z4W4,5887,,,
Q06609,Q06609,5888,,,
O43502,O43502,5889,,,
O15315,O15315,5890,,,
Q9UQ07,Q9UQ07,5891,,,
O75771,O75771,5892,,,
Q5DR82,Q5DR82,5893,,,
P04049,P04049,5894,,,
P15918,P15918,5896,,,
P55895,P55895,5897,,,
P11233,P11233,5898,,,
Q8N6P7,Q8N6P7,58985,,,
P11234,P11234,5899,,,
P62736,P62736,59,,,
P06276,P06276,590,,,
Q8N4Y1,Q8N4Y1,5900,,,
P62826,P62826,5901,,,
P43487,P43487,5902,,,
P49792,P49792,5903,,,
Q9BSK3,Q9BSK3,5905,,,
P62834,P62834,5906,,,
Q9HBE4,Q9HBE4,59067,,,
P61224,P61224,5908,,,
P57730,P57730,59082,,,
Q9UJA9,Q9UJA9,59084,,,
P47736,P47736,5909,,,
P10114,P10114,5911,,,
P61225,P61225,5912,,,
Q6I9R7,Q6I9R7,5914,,,
Q86UC5,Q86UC5,5915,,,
P13631,P13631,5916,,,
P54136,P54136,5917,,,
Q99969,Q99969,5919,,,
Q59GK3,Q59GK3,5921,,,
Q15283,Q15283,5922,,,
Q8IUU5,Q8IUU5,5923,,,
Q68DX5,Q68DX5,5924,,,
P06400,P06400,5925,,,
Q05CG0,Q05CG0,5926,,,
Q5T1R4,Q5T1R4,59269,,,
P29375,P29375,5927,,,
Q9BYF1,Q9BYF1,59272,,,
Q9HB63,Q9HB63,59277,,,
Q09028,Q09028,5928,,,
Q8WXS5,Q8WXS5,59283,,,
P62955,P62955,59284,,,
Q9BXT2,Q9BXT2,59285,,,
Q9BZL1,Q9BZL1,59286,,,
Q15291,Q15291,5929,,,
P12694,P12694,593,,,
Q7Z6E9,Q7Z6E9,5930,,,
Q6IA17,Q6IA17,59307,,,
Q16576,Q16576,5931,,,
P28749,P28749,5933,,,
Q08999,Q08999,5934,,,
Q9H3N8,Q9H3N8,59340,,,
Q9HBA0,Q9HBA0,59341,,,
Q9HB40,Q9HB40,59342,,,
Q9HC62,Q9HC62,59343,,,
Q9BYJ1,Q9BYJ1,59344,,,
Q9HAV0,Q9HAV0,59345,,,
Q9GZX5,Q9GZX5,59348,,,
Q9H7R2,Q9H7R2,59349,,,
P98179,P98179,5935,,,
B4DGP2,B4DGP2,59350,,,
Q9HBX8,Q9HBX8,59352,,,
Q9BWF3,Q9BWF3,5936,,,
P21953,P21953,594,,,
P50120,P50120,5948,,,
Q8WVH0,Q8WVH0,594855,,,
Q6FI00,Q6FI00,595,,,
P02753,P02753,5950,,,
P35243,P35243,5957,,,
Q92781,Q92781,5959,,,
P10415,P10415,596,,,
P23942,P23942,5961,,,
P35241,P35241,5962,,,
P46063,P46063,5965,,,
Q04864,Q04864,5966,,,
Q16548,Q16548,597,,,
Q04206,Q04206,5970,,,
Q01201,Q01201,5971,,,
P00797,P00797,5972,,,
P51606,P51606,5973,,,
Q92900,Q92900,5976,,,
Q92785,Q92785,5977,,,
Q13127,Q13127,5978,,,
Q9BTX6,Q9BTX6,5979,,,
Q5TE63,Q5TE63,598,,,
Q9UG47,Q9UG47,5980,,,
P35251,P35251,5981,,,
P35250,P35250,5982,,,
P40938,P40938,5983,,,
P35249,P35249,5984,,,
P40937,P40937,5985,,,
Q9Y644,Q9Y644,5986,,,
P14373,P14373,5987,,,
P22670,P22670,5989,,,
Q92843,Q92843,599,,,
P48378,P48378,5990,,,
P48380,P48380,5991,,,
Q33E94,Q33E94,5992,,,
P48382,P48382,5993,,,
O00287,O00287,5994,,,
P47804,P47804,5995,,,
Q08116,Q08116,5996,,,
P41220,P41220,5997,,,
P49796,P49796,5998,,,
P49798,P49798,5999,,,
Q1KLZ0,Q1KLZ0,60,,,
P49802,P49802,6000,,,
O43665,O43665,6001,,,
O14924,O14924,6002,,,
O14921,O14921,6003,,,
O15492,O15492,6004,,,
Q96E98,Q96E98,6005,,,
P18577,P18577,6006,,,
Q5XLT3,Q5XLT3,6007,,,
Q15382,Q15382,6009,,,
P08100,P08100,6010,,,
Q15835,Q15835,6011,,,
P04808,P04808,6013,,,
Q99578,Q99578,6014,,,
Q06587,Q06587,6015,,,
Q92963,Q92963,6016,,,
P12271,P12271,6017,,,
P04090,P04090,6019,,,
P20749,P20749,602,,,
Q8N556,Q8N556,60312,,,
W0UV93,W0UV93,6035,,,
W0UV60,W0UV60,6036,,,
P12724,P12724,6037,,,
Q53XB4,Q53XB4,6038,,,
Q9UJT2,Q9UJT2,60385,,,
Q9HC21,Q9HC21,60386,,,
Q93091,Q93091,6039,,,
P41182,P41182,604,,,
Q9HAV5,Q9HAV5,60401,,,
Q05823,Q05823,6041,,,
Q6NX51,Q6NX51,60412,,,
Q9GZN2,Q9GZN2,60436,,,
Q99496,Q99496,6045,,,
P25440,P25440,6046,,,
Q9BYV9,Q9BYV9,60468,,,
Q99942,Q99942,6048,,,
Q9NYP7,Q9NYP7,60481,,,
Q9GZV3,Q9GZV3,60482,,,
Q9GZV7,Q9GZV7,60484,,,
Q9H4B6,Q9H4B6,60485,,,
Q7Z4G4,Q7Z4G4,60487,,,
P82673,P82673,60488,,,
Q9HC16,Q9HC16,60489,,,
Q96CD2,Q96CD2,60490,,,
Q8WWQ2,Q8WWQ2,60495,,,
Q9NRN7,Q9NRN7,60496,,,
P13489,P13489,6050,,,
Q9GZU5,Q9GZU5,60506,,,
Q9H4A4,Q9H4A4,6051,,,
Q9BQ52,Q9BQ52,60528,,,
Q9H161,Q9H161,60529,,,
P61009,P61009,60559,,,
P61221,P61221,6059,,,
Q9H427,Q9H427,60598,,,
Q9H5Z1,Q9H5Z1,60625,,,
Q6IPT4,Q6IPT4,606495,,,
Q9BXP8,Q9BXP8,60676,,,
Q96J87,Q96J87,60677,,,
P57772,P57772,60678,,,
Q8N6W0,Q8N6W0,60680,,,
Q96AY3,Q96AY3,60681,,,
Q8IYB5,Q8IYB5,60682,,,
Q02223,Q02223,608,,,
Q9Y6N7,Q9Y6N7,6091,,,
Q9HCK4,Q9HCK4,6092,,,
Q13464,Q13464,6093,,,
Q03395,Q03395,6094,,,
P35398,P35398,6095,,,
Q58EY0,Q58EY0,6096,,,
P51449,P51449,6097,,,
P08922,P08922,6098,,,
Q9UL51,Q9UL51,610,,,
Q8TA86,Q8TA86,6100,,,
P56715,P56715,6101,,,
O75695,O75695,6102,,,
Q92834,Q92834,6103,,,
Q0PJU0,Q0PJU0,611,,,
P27694,P27694,6117,,,
P15927,P15927,6118,,,
P35244,P35244,6119,,,
Q96AT9,Q96AT9,6120,,,
Q16518,Q16518,6121,,,
P39023,P39023,6122,,,
Q92901,Q92901,6123,,,
P36578,P36578,6124,,,
P46777,P46777,6125,,,
Q02878,Q02878,6128,,,
P18124,P18124,6129,,,
P11274,P11274,613,,,
P62424,P62424,6130,,,
P62917,P62917,6132,,,
Q53Z07,Q53Z07,6133,,,
P27635,P27635,6134,,,
Q5VVD0,Q5VVD0,6135,,,
P30050,P30050,6136,,,
P26373,P26373,6137,,,
P61313,P61313,6138,,,
P18621,P18621,6139,,,
Q07020,Q07020,6141,,,
Q02543,Q02543,6142,,,
P84098,P84098,6143,,,
Q6IAX2,Q6IAX2,6144,,,
P35268,P35268,6146,,,
P62750,P62750,6147,,,
Q16540,Q16540,6150,,,
V9HW01,V9HW01,6152,,,
P61254,P61254,6154,,,
P61353,P61353,6155,,,
P62888,P62888,6156,,,
P46776,P46776,6157,,,
P46779,P46779,6158,,,
P47914,P47914,6159,,,
P62899,P62899,6160,,,
P62910,P62910,6161,,,
P49207,P49207,6164,,,
P18077,P18077,6165,,,
Q969Q0,Q969Q0,6166,,,
P61927,P61927,6167,,,
P61513,P61513,6168,,,
P63173,P63173,6169,,,
Q9Y276,Q9Y276,617,,,
P62891,P62891,6170,,,
P62945,P62945,6171,,,
P05388,P05388,6175,,,
P05386,P05386,6176,,,
P05387,P05387,6181,,,
P52815,P52815,6182,,,
O15235,O15235,6183,,,
P04843,P04843,6184,,,
P04844,P04844,6185,,,
P15880,P15880,6187,,,
P23396,P23396,6188,,,
P61247,P61247,6189,,,
P62701,P62701,6191,,,
P22090,P22090,6192,,,
P46782,P46782,6193,,,
P62753,P62753,6194,,,
Q15418,Q15418,6195,,,
Q15349,Q15349,6196,,,
P51812,P51812,6197,,,
P23443,P23443,6198,,,
Q9UBS0,Q9UBS0,6199,,,
P62081,P62081,6201,,,
Q5JR94,Q5JR94,6202,,,
P46781,P46781,6203,,,
P46783,P46783,6204,,,
P62280,P62280,6205,,,
P25398,P25398,6206,,,
P62277,P62277,6207,,,
P62263,P62263,6208,,,
P62841,P62841,6209,,,
P62244,P62244,6210,,,
P62249,P62249,6217,,,
P08708,P08708,6218,,,
Q02338,Q02338,622,,,
P62269,P62269,6222,,,
P39019,P39019,6223,,,
P60866,P60866,6224,,,
Q6FGH5,Q6FGH5,6227,,,
P62266,P62266,6228,,,
P62847,P62847,6229,,,
P46663,P46663,623,,,
P62851,P62851,6230,,,
P62854,P62854,6231,,,
P42677,P42677,6232,,,
P62979,P62979,6233,,,
P62857,P62857,6234,,,
P62273,P62273,6235,,,
P55042,P55042,6236,,,
P10301,P10301,6237,,,
Q9P2E9,Q9P2E9,6238,,,
P30411,P30411,624,,,
P23921,P23921,6240,,,
P31350,P31350,6241,,,
P30622,P30622,6249,,,
Q6P3U7,Q6P3U7,6256,,,
P28702,P28702,6257,,,
F1T097,F1T097,6258,,,
Q8WTZ8,Q8WTZ8,6259,,,
P21817,P21817,6261,,,
Q92736,Q92736,6262,,,
Q15413,Q15413,6263,,,
P23560,P23560,627,,,
Q99523,Q99523,6272,,,
P60903,P60903,6281,,,
P0DJI8,P0DJI8,6288,,,
P0DJI9,P0DJI9,6289,,,
P00751,P00751,629,,,
P35542,P35542,6291,,,
P10523,P10523,6295,,,
Q53FZ2,Q53FZ2,6296,,,
Q6N076,Q6N076,6300,,,
Q0VGA5,Q0VGA5,6301,,,
Q12999,Q12999,6302,,,
A1A5C7,A1A5C7,63027,,,
Q6ICU9,Q6ICU9,6303,,,
P08217,P08217,63036,,,
O95248,O95248,6305,,,
Q15800,Q15800,6307,,,
O75845,O75845,6309,,,
Q12934,Q12934,631,,,
Q9UPD8,Q9UPD8,6314,,,
P29508,P29508,6317,,,
P48594,P48594,6318,,,
O00767,O00767,6319,,,
Q9Y240,Q9Y240,6320,,,
Q9UN30,Q9UN30,6322,,,
P35498,P35498,6323,,,
Q07699,Q07699,6324,,,
Q99250,Q99250,6326,,,
Q5U0K8,Q5U0K8,6327,,,
Q9NY46,Q9NY46,6328,,,
P35499,P35499,6329,,,
P21810,P21810,633,,,
Q8IWT1,Q8IWT1,6330,,,
Q86V90,Q86V90,6331,,,
Q01118,Q01118,6332,,,
Q9UQD0,Q9UQD0,6334,,,
Q15858,Q15858,6335,,,
Q9Y5Y9,Q9Y5Y9,6336,,,
P37088,P37088,6337,,,
P51168,P51168,6338,,,
P51172,P51172,6339,,,
Q3KRG8,Q3KRG8,634,,,
P51170,P51170,6340,,,
O75880,O75880,6341,,,
P22307,P22307,6342,,,
P09683,P09683,6343,,,
Q8IV17,Q8IV17,6344,,,
P22362,P22362,6346,,,
P13500,P13500,6347,,,
P10147,P10147,6348,,,
P16619,P16619,6349,,,
V9HWA4,V9HWA4,635,,,
P13236,P13236,6351,,,
D0EI67,D0EI67,6352,,,
P80098,P80098,6354,,,
P80075,P80075,6355,,,
Q6I9T4,Q6I9T4,6356,,,
Q99616,Q99616,6357,,,
Q16627,Q16627,6358,,,
Q16663,Q16663,6359,,,
Q96G01,Q96G01,636,,,
O15467,O15467,6360,,,
Q92583,Q92583,6361,,,
P55774,P55774,6362,,,
Q99731,Q99731,6363,,,
P78556,P78556,6364,,,
Q6ICR7,Q6ICR7,6366,,,
O00626,O00626,6367,,,
P55773,P55773,6368,,,
O00175,O00175,6369,,,
P55957,P55957,637,,,
O15444,O15444,6370,,,
P80162,P80162,6372,,,
O14625,O14625,6373,,,
Q6I9S7,Q6I9S7,6374,,,
P47992,P47992,6375,,,
P78423,P78423,6376,,,
Q13323,Q13323,638,,,
P18827,P18827,6382,,,
Q8N3F4,Q8N3F4,63826,,,
Q96GW7,Q96GW7,63827,,,
P34741,P34741,6383,,,
P31431,P31431,6385,,,
O00560,O00560,6386,,,
P48061,P48061,6387,,,
Q8TB40,Q8TB40,63874,,,
Q9NRX2,Q9NRX2,63875,,,
P31040,P31040,6389,,,
Q5XPI4,Q5XPI4,63891,,,
Q9C0C9,Q9C0C9,63893,,,
Q9H788,Q9H788,63898,,,
P21912,P21912,6390,,,
Q9H596,Q9H596,63904,,,
Q99643,Q99643,6391,,,
Q9BYT1,Q9BYT1,63910,,,
Q96JJ3,Q96JJ3,63916,,,
B7Z5G5,B7Z5G5,63917,,,
O14521,O14521,6392,,,
Q8WVB6,Q8WVB6,63922,,,
Q9UQP3,Q9UQP3,63923,,,
O43745,O43745,63928,,,
A0A087X0Z2,A0A087X0Z2,63929,,,
O60783,O60783,63931,,,
Q5HYK9,Q5HYK9,63934,,,
Q9H4Z3,Q9H4Z3,63935,,,
Q9Y4H4,Q9Y4H4,63940,,,
Q8IXT2,Q8IXT2,63946,,,
Q5HYR2,Q5HYR2,63947,,,
Q96MA1,Q96MA1,63948,,,
Q96SC8,Q96SC8,63950,,,
Q5VZB9,Q5VZB9,63951,,,
P55735,P55735,6396,,,
Q9HCN2,Q9HCN2,63970,,,
Q9H1H9,Q9H1H9,63971,,,
Q9H2A3,Q9H2A3,63973,,,
Q96NK8,Q96NK8,63974,,,
Q9BYT9,Q9BYT9,63982,,,
Q05D26,Q05D26,640,,,
Q9UBV2,Q9UBV2,6400,,,
B0I1T2,B0I1T2,64005,,,
P16581,P16581,6401,,,
P14151,P14151,6402,,,
Q6NUL9,Q6NUL9,6403,,,
Q14242,Q14242,6404,,,
Q13275,Q13275,6405,,,
Q9H2G4,Q9H2G4,64061,,,
Q5T8P6,Q5T8P6,64062,,,
Q9GZN4,Q9GZN4,64063,,,
Q9BYC2,Q9BYC2,64064,,,
Q96FX8,Q96FX8,64065,,,
Q9H306,Q9H306,64066,,,
X5D2Q4,X5D2Q4,64067,,,
Q9H251,Q9H251,64072,,,
Q9H008,Q9H008,64077,,,
Q9HAS3,Q9HAS3,64078,,,
Q9H477,Q9H477,64080,,,
Q9H4A6,Q9H4A6,64083,,,
Q9HCC0,Q9HCC0,64087,,,
P57768,P57768,64089,,,
Q9H3Q3,Q9H3Q3,64090,,,
Q9HBI0,Q9HBI0,64098,,,
P54132,P54132,641,,,
Q9HBW1,Q9HBW1,64101,,,
Q9BS16,Q9BS16,64105,,,
Q9GZQ6,Q9GZQ6,64106,,,
Q9HC73,Q9HC73,64109,,,
Q969X1,Q969X1,64114,,,
Q9C0K1,Q9C0K1,64116,,,
Q6P1R4,Q6P1R4,64118,,,
Q9HB90,Q9HB90,64121,,,
Q9H479,Q9H479,64122,,,
Q9HBW9,Q9HBW9,64123,,,
Q9HC29,Q9HC29,64127,,,
Q86Y38,Q86Y38,64131,,,
Q9H1B5,Q9H1B5,64132,,,
Q2M3X9,Q2M3X9,641339,,,
Q9BYX4,Q9BYX4,64135,,,
Q9H172,Q9H172,64137,,,
Q86TX2,Q86TX2,641371,,,
Q3I5F7,Q3I5F7,641372,,,
Q9H1K0,Q9H1K0,64145,,,
A6NI47,A6NI47,641455,,,
Q9HBH1,Q9HBH1,64146,,,
Q9HAQ2,Q9HAQ2,64147,,,
Q9BPX3,Q9BPX3,64151,,,
P45985,P45985,6416,,,
Q6P179,Q6P179,64167,,,
Q9H257,Q9H257,64170,,,
Q9H4B0,Q9H4B0,64172,,,
Q9H4A9,Q9H4A9,64174,,,
Q32P28,Q32P28,64175,,,
Q5VXV3,Q5VXV3,6418,,,
Q9H4B8,Q9H4B8,64180,,,
Q53H47,Q53H47,6419,,,
Q13867,Q13867,642,,,
Q86VG2,Q86VG2,6421,,,
Q96T76,Q96T76,64210,,,
Q9H2C1,Q9H2C1,64211,,,
Q96KC8,Q96KC8,64215,,,
Q9H5Q4,Q9H5Q4,64216,,,
Q9H3S1,Q9H3S1,64218,,,
Q8NG27,Q8NG27,64219,,,
Q8N474,Q8N474,6422,,,
Q96MS0,Q96MS0,64221,,,
Q9BVC4,Q9BVC4,64223,,,
Q8NHH9,Q8NHH9,64225,,,
Q96HF1,Q96HF1,6423,,,
Q6FHJ7,Q6FHJ7,6424,,,
Q9H222,Q9H222,64240,,,
Q9H221,Q9H221,64241,,,
A6NI03,A6NI03,642446,,,
Q5T4F7,Q5T4F7,6425,,,
Q59FA2,Q59FA2,6426,,,
P0CI26,P0CI26,642612,,,
Q53FN0,Q53FN0,6427,,,
P84103,P84103,6428,,,
Q8NDF8,Q8NDF8,64282,,,
Q9H0T7,Q9H0T7,64284,,,
Q96QL1,Q96QL1,64288,,,
Q08170,Q08170,6429,,,
Q2YD84,Q2YD84,643,,,
Q13243,Q13243,6430,,,
Q13247,Q13247,6431,,,
Q8WTT2,Q8WTT2,64318,,,
Q16629,Q16629,6432,,,
Q96BH1,Q96BH1,64320,,,
Q9H6I2,Q9H6I2,64321,,,
Q96L73,Q96L73,64324,,,
Q8NHY2,Q8NHY2,64326,,,
Q9BYH8,Q9BYH8,64332,,,
P62995,P62995,6434,,,
Q9H6S1,Q9H6S1,64343,,,
Q9Y2N7,Q9Y2N7,64344,,,
Q6DKJ4,Q6DKJ4,64359,,,
Q9H173,Q9H173,64374,,,
Q9H2S9,Q9H2S9,64375,,,
Q9H5V7,Q9H5V7,64376,,,
Q9H2A9,Q9H2A9,64377,,,
P0DJD8,P0DJD8,643834,,,
P0DJD7,P0DJD7,643847,,,
Q9NPA2,Q9NPA2,64386,,,
Q9HA38,Q9HA38,64393,,,
Q96IK5,Q96IK5,64395,,,
Q8N3R9,Q8N3R9,64398,,,
Q96QV1,Q96QV1,64399,,,
P53004,P53004,644,,,
Q86UP0,Q86UP0,64403,,,
Q9UJ99,Q9UJ99,64405,,,
Q9NS28,Q9NS28,64407,,,
Q6IS24,Q6IS24,64409,,,
A6NFY7,A6NFY7,644096,,,
P35247,P35247,6441,,,
Q9H0H3,Q9H0H3,64410,,,
Q9H7C1,Q9H7C1,64411,,,
A1L190,A1L190,644186,,,
Q8NCE2,Q8NCE2,64419,,,
Q16586,Q16586,6442,,,
Q96SD1,Q96SD1,64421,,,
Q9NT62,Q9NT62,64422,,,
Q9GZS1,Q9GZS1,64425,,,
Q9H7L9,Q9H7L9,64426,,,
Q9H6R6,Q9H6R6,64429,,,
Q5U0N0,Q5U0N0,6443,,,
Q9GZN1,Q9GZN1,64431,,,
P82663,P82663,64432,,,
Q5C9Z4,Q5C9Z4,64434,,,
Q92629,Q92629,6444,,,
Q9GZS0,Q9GZS0,64446,,,
Q13326,Q13326,6445,,,
Q9H2Z4,Q9H2Z4,644524,,,
O00141,O00141,6446,,,
C9JDP6,C9JDP6,644672,,,
Q96PZ7,Q96PZ7,64478,,,
P51688,P51688,6448,,,
O43765,O43765,6449,,,
A6NK89,A6NK89,644943,,,
P20231,P20231,64499,,,
V9HWI1,V9HWI1,645,,,
Q9BZB8,Q9BZB8,64506,,,
F5H284,F5H284,645142,,,
Q9BXF9,Q9BXF9,64518,,,
P78314,P78314,6452,,,
Q99961,Q99961,6455,,,
Q99962,Q99962,6456,,,
Q99963,Q99963,6457,,,
Q9H3R1,Q9H3R1,64579,,,
Q9BXN2,Q9BXN2,64581,,,
Q8IZ08,Q8IZ08,64582,,,
Q5JQF8,Q5JQF8,645974,,,
O75420,O75420,64599,,,
Q9BZM2,Q9BZM2,64600,,,
P29353,P29353,6464,,,
Q9HAK2,Q9HAK2,64641,,,
Q96S65,Q96S65,64651,,,
A6NGE7,A6NGE7,646625,,,
P0C263,P0C263,646643,,,
A0A087WYH8,A0A087WYH8,646754,,,
A6NP61,A6NP61,646799,,,
P57775,P57775,6468,,,
Q9H1A4,Q9H1A4,64682,,,
Q15465,Q15465,6469,,,
P57727,P57727,64699,,,
P34896,P34896,6470,,,
J3KQ34,J3KQ34,64708,,,
Q96QI5,Q96QI5,64711,,,
Q13087,Q13087,64714,,,
Q5BJF5,Q5BJF5,6472,,,
M0R2M9,M0R2M9,647219,,,
O15266,O15266,6473,,,
O60902,O60902,6474,,,
Q8WU79,Q8WU79,64744,,,
Q96GM1,Q96GM1,64748,,,
Q9HAU4,Q9HAU4,64750,,,
Q9H7B4,Q9H7B4,64754,,,
Q5TC12,Q5TC12,64756,,,
Q68CZ2,Q68CZ2,64759,,,
P14410,P14410,6476,,,
Q9H0J9,Q9H0J9,64761,,,
Q70SY1,Q70SY1,64764,,,
Q9H8X2,Q9H8X2,64768,,,
Q9HAF1,Q9HAF1,64769,,,
Q8IUQ4,Q8IUQ4,6477,,,
Q49A88,Q49A88,64770,,,
Q8NFI3,Q8NFI3,64772,,,
O43255,O43255,6478,,,
Q8TCT0,Q8TCT0,64781,,,
Q8WTP8,Q8WTP8,64782,,,
Q96T37,Q96T37,64783,,,
Q8TEF4,Q8TEF4,64784,,,
Q9BRX5,Q9BRX5,64785,,,
Q9H6S3,Q9H6S3,64787,,,
Q9H790,Q9H790,64789,,,
Q9H7X7,Q9H7X7,64792,,,
Q6P2H3,Q6P2H3,64793,,,
Q9H8H2,Q9H8H2,64794,,,
P35226,P35226,648,,,
P15907,P15907,6480,,,
Q9HAN9,Q9HAN9,64802,,,
Q9H244,Q9H244,64805,,,
Q9H293,Q9H293,64806,,,
Q9HB55,Q9HB55,64816,,,
Q11201,Q11201,6482,,,
Q16842,Q16842,6483,,,
Q9BW60,Q9BW60,64834,,,
Q9H0B6,Q9H0B6,64837,,,
Q9UF56,Q9UF56,64839,,,
Q11206,Q11206,6484,,,
Q9H237,Q9H237,64840,,,
Q96EK6,Q96EK6,64841,,,
Q96A47,Q96A47,64843,,,
Q9H992,Q9H992,64844,,,
Q8WWT9,Q8WWT9,64849,,,
Q8TBG4,Q8TBG4,64850,,,
Q9H6E5,Q9H6E5,64852,,,
P62068,P62068,64854,,,
Q9H816,Q9H816,64858,,,
Q9H5V8,Q9H5V8,64866,,,
Q11203,Q11203,6487,,,
Q8N6Y1,Q8N6Y1,64881,,,
Q92185,Q92185,6489,,,
Q9BWT3,Q9BWT3,64895,,,
P13497,P13497,649,,,
P40967,P40967,6490,,,
Q9BQK8,Q9BQK8,64900,,,
Q9BYV1,Q9BYV1,64902,,,
Q15468,Q15468,6491,,,
P81133,P81133,6492,,,
Q8TAD4,Q8TAD4,64924,,,
Q9H7J2,Q9H7J2,64926,,,
Q6P1L8,Q6P1L8,64928,,,
Q14190,Q14190,6493,,,
Q96FS4,Q96FS4,6494,,,
Q9H3R5,Q9H3R5,64946,,,
Q9BYN8,Q9BYN8,64949,,,
Q15475,Q15475,6495,,,
Q96EL2,Q96EL2,64951,,,
O95343,O95343,6496,,,
P82914,P82914,64960,,,
P82912,P82912,64963,,,
P82933,P82933,64965,,,
P82932,P82932,64968,,,
P82675,P82675,64969,,,
Q8IXM3,Q8IXM3,64975,,,
Q9NQ50,Q9NQ50,64976,,,
Q96DV4,Q96DV4,64978,,,
Q9P0J6,Q9P0J6,64979,,,
P12757,P12757,6498,,,
Q9BQ48,Q9BQ48,64981,,,
Q9BYC8,Q9BYC8,64983,,,
Q15477,Q15477,6499,,,
P12643,P12643,650,,,
P63208,P63208,6500,,,
Q9Y3B7,Q9Y3B7,65003,,,
Q9BYD2,Q9BYD2,65005,,,
Q9BYD6,Q9BYD6,65008,,,
Q9Y3Y1,Q9Y3Y1,65010,,,
Q8NG04,Q8NG04,65012,,,
Q9BXM7,Q9BXM7,65018,,,
Q13309,Q13309,6502,,,
Q13291,Q13291,6504,,,
P43005,P43005,6505,,,
Q9H902,Q9H902,65055,,,
Q96AP0,Q96AP0,65057,,,
P43004,P43004,6506,,,
Q96Q40,Q96Q40,65061,,,
Q8N169,Q8N169,6507,,,
Q9BZR6,Q9BZR6,65078,,,
P48751,P48751,6508,,,
Q9H9J2,Q9H9J2,65080,,,
Q9H6R4,Q9H6R4,65083,,,
P43007,P43007,6509,,,
Q8N9T8,Q8N9T8,65095,,,
P12645,P12645,651,,,
Q15758,Q15758,6510,,,
P49006,P49006,65108,,,
Q9BZI7,Q9BZI7,65109,,,
P48664,P48664,6511,,,
Q9H1J1,Q9H1J1,65110,,,
G1CT06,G1CT06,6512,,,
Q68E01,Q68E01,65123,,,
Q9H4A3,Q9H4A3,65125,,,
Q59GX2,Q59GX2,6513,,,
P11168,P11168,6514,,,
P11169,P11169,6515,,,
P14672,P14672,6517,,,
P22732,P22732,6518,,,
Q07837,Q07837,6519,,,
Q53XC5,Q53XC5,652,,,
P08195,P08195,6520,,,
P02730,P02730,6521,,,
A2A3D8,A2A3D8,65217,,,
Q59GF1,Q59GF1,6522,,,
Q6PJ22,Q6PJ22,65220,,,
P13866,P13866,6523,,,
P31639,P31639,6524,,,
Q9UJL9,Q9UJL9,65243,,,
Q9BS31,Q9BS31,65251,,,
Q96BR5,Q96BR5,65260,,,
Q53H96,Q53H96,65263,,,
Q9H832,Q9H832,65264,,,
Q96J92,Q96J92,65266,,,
Q9BYP7,Q9BYP7,65267,,,
Q9Y3S1,Q9Y3S1,65268,,,
Q9NY91,Q9NY91,6527,,,
Q92911,Q92911,6528,,,
P30531,P30531,6529,,,
P22003,P22003,653,,,
P23975,P23975,6530,,,
Q01959,Q01959,6531,,,
Q96BR9,Q96BR9,653121,,,
P13928,P13928,653145,,,
A6NCK2,A6NCK2,653192,,,
P31645,P31645,6532,,,
P0CG38,P0CG38,653269,,,
Q59GD7,Q59GD7,6533,,,
P14598,P14598,653361,,,
Q99884,Q99884,6534,,,
Q3SYB3,Q3SYB3,653404,,,
Q8IUS6,Q8IUS6,653437,,,
A6NKT7,A6NKT7,653489,,,
P47929,P47929,653499,,,
Q59EV7,Q59EV7,6535,,,
Q9Y536,Q9Y536,653505,,,
Q8IWL2,Q8IWL2,653509,,,
A0A0B4J2A2,A0A0B4J2A2,653598,,,
P48067,P48067,6536,,,
Q71DI3,Q71DI3,653604,,,
P0CG30,P0CG30,653689,,,
P0CG39,P0CG39,653781,,,
Q6P582,Q6P582,653784,,,
P48066,P48066,6538,,,
Q9C0K3,Q9C0K3,653857,,,
P48065,P48065,6539,,,
Q4VBA3,Q4VBA3,654,,,
Q9NSD5,Q9NSD5,6540,,,
P30825,P30825,6541,,,
P52569,P52569,6542,,,
Q9UPR5,Q9UPR5,6543,,,
Q6DKI2,Q6DKI2,654346,,,
P22392,P22392,654364,,,
O43246,O43246,6545,,,
Q4QQH3,Q4QQH3,6546,,,
P57103,P57103,6547,,,
P19634,P19634,6548,,,
Q9UBY0,Q9UBY0,6549,,,
P18075,P18075,655,,,
P48764,P48764,6550,,,
Q9NSW9,Q9NSW9,6553,,,
Q14973,Q14973,6554,,,
Q12908,Q12908,6555,,,
P49279,P49279,6556,,,
Q8IUN5,Q8IUN5,6557,,,
Q53ZR1,Q53ZR1,6558,,,
P55017,P55017,6559,,,
P34820,P34820,656,,,
Q9UP95,Q9UP95,6560,,,
Q9BZW2,Q9BZW2,6561,,,
Q13336,Q13336,6563,,,
P46059,P46059,6564,,,
Q16348,Q16348,6565,,,
P53985,P53985,6566,,,
P36021,P36021,6567,,,
Q14916,Q14916,6568,,,
Q06495,Q06495,6569,,,
P36894,P36894,657,,,
Q96GL6,Q96GL6,6570,,,
Q05940,Q05940,6571,,,
Q16572,Q16572,6572,,,
P41440,P41440,6573,,,
Q8WUM9,Q8WUM9,6574,,,
Q08357,Q08357,6575,,,
D9HTE9,D9HTE9,6576,,,
Q92959,Q92959,6578,,,
P46721,P46721,6579,,,
O00238,O00238,658,,,
O15245,O15245,6580,,,
O75751,O75751,6581,,,
O15244,O15244,6582,,,
Q9H015,Q9H015,6583,,,
O76082,O76082,6584,,,
O75093,O75093,6585,,,
O75094,O75094,6586,,,
Q13873,Q13873,659,,,
O43623,O43623,6591,,,
B7ZLQ5,B7ZLQ5,6594,,,
Q8N9Q1,Q8N9Q1,6595,,,
Q14527,Q14527,6596,,,
P51532,P51532,6597,,,
Q9BYT3,Q9BYT3,65975,,,
Q8IZ21,Q8IZ21,65979,,,
Q12824,Q12824,6598,,,
Q9H8M2,Q9H8M2,65980,,,
Q6IMN6,Q6IMN6,65981,,,
Q8TBC5,Q8TBC5,65982,,,
Q86V21,Q86V21,65985,,,
Q96DT7,Q96DT7,65986,,,
Q92922,Q92922,6599,,,
P82930,P82930,65993,,,
Q9BPW5,Q9BPW5,65997,,,
P51813,P51813,660,,,
Q9HCS2,Q9HCS2,66002,,,
Q9BWS9,Q9BWS9,66005,,,
O60296,O60296,66008,,,
Q8TAQ2,Q8TAQ2,6601,,,
Q96GM5,Q96GM5,6602,,,
Q92925,Q92925,6603,,,
Q9BYW1,Q9BYW1,66035,,,
Q96QG7,Q96QG7,66036,,,
Q6STE5,Q6STE5,6604,,,
Q969G3,Q969G3,6605,,,
Q16637,Q16637,6606,,,
Q16637,Q16637,6607,,,
Q99835,Q99835,6608,,,
Q59EN6,Q59EN6,6609,,,
P05423,P05423,661,,,
O60906,O60906,6610,,,
P52788,P52788,6611,,,
P55854,P55854,6612,,,
P61956,P61956,6613,,,
Q9BZZ2,Q9BZZ2,6614,,,
O95863,O95863,6615,,,
P60880,P60880,6616,,,
Q16533,Q16533,6617,,,
Q13487,Q13487,6618,,,
Q92966,Q92966,6619,,,
Q12981,Q12981,662,,,
Q5SXM2,Q5SXM2,6621,,,
P37840,P37840,6622,,,
Q16658,Q16658,6624,,,
P08621,P08621,6625,,,
P09012,P09012,6626,,,
P09661,P09661,6627,,,
Q66K91,Q66K91,6628,,,
P08579,P08579,6629,,,
Q12982,Q12982,663,,,
Q5TAL4,Q5TAL4,6631,,,
P62314,P62314,6632,,,
P62316,P62316,6633,,,
P62318,P62318,6634,,,
P62304,P62304,6635,,,
P62306,P62306,6636,,,
P62308,P62308,6637,,,
X5DP00,X5DP00,6638,,,
Q6NVY4,Q6NVY4,664,,,
Q13596,Q13596,6642,,,
O60749,O60749,6643,,,
P35610,P35610,6646,,,
V9HWC9,V9HWC9,6647,,,
P04179,P04179,6648,,,
P08294,P08294,6649,,,
Q6IBV1,Q6IBV1,665,,,
O75808,O75808,6650,,,
Q00796,Q00796,6652,,,
Q07889,Q07889,6654,,,
Q07890,Q07890,6655,,,
O00570,O00570,6656,,,
P48431,P48431,6657,,,
P41225,P41225,6658,,,
Q06945,Q06945,6659,,,
Q9UMX3,Q9UMX3,666,,,
P35711,P35711,6660,,,
P48436,P48436,6662,,,
P56693,P56693,6663,,,
P35716,P35716,6664,,,
O60248,O60248,6665,,,
O15370,O15370,6666,,,
P08047,P08047,6667,,,
Q02086,Q02086,6668,,,
Q6P0N6,Q6P0N6,667,,,
Q59FX5,Q59FX5,6670,,,
Q02446,Q02446,6671,,,
Q6ZMK3,Q6ZMK3,6672,,,
Q16222,Q16222,6675,,,
Q5D1J4,Q5D1J4,6677,,,
Q53ZD3,Q53ZD3,668,,,
Q9UBP0,Q9UBP0,6683,,,
Q9UQ90,Q9UQ90,6687,,,
P17947,P17947,6688,,,
Q01892,Q01892,6689,,,
P07738,P07738,669,,,
O43278,O43278,6692,,,
P16150,P16150,6693,,,
Q08629,Q08629,6695,,,
P10451,P10451,6696,,,
P35270,P35270,6697,,,
Q86WA6,Q86WA6,670,,,
P02549,P02549,6708,,,
Q13813,Q13813,6709,,,
Q59FP5,Q59FP5,6710,,,
Q01082,Q01082,6711,,,
O15020,O15020,6712,,,
Q9UNR6,Q9UNR6,6713,,,
P12931,P12931,6714,,,
P18405,P18405,6715,,,
P31213,P31213,6716,,,
P51857,P51857,6718,,,
P38398,P38398,672,,,
P36956,P36956,6720,,,
Q12772,Q12772,6721,,,
P11831,P11831,6722,,,
P19623,P19623,6723,,,
Q9H3Y6,Q9H3Y6,6725,,,
P49458,P49458,6726,,,
P09132,P09132,6728,,,
P61011,P61011,6729,,,
P15056,P15056,673,,,
Q9UHB9,Q9UHB9,6730,,,
O76094,O76094,6731,,,
Q96SB4,Q96SB4,6732,,,
P78362,P78362,6733,,,
P08240,P08240,6734,,,
Q05066,Q05066,6736,,,
P19474,P19474,6737,,,
P10155,P10155,6738,,,
P05455,P05455,6741,,,
Q04837,Q04837,6742,,,
P43307,P43307,6745,,,
P43308,P43308,6746,,,
Q9UNL2,Q9UNL2,6747,,,
P51571,P51571,6748,,,
Q08945,Q08945,6749,,,
P51587,P51587,675,,,
P61278,P61278,6750,,,
Q86SW9,Q86SW9,6751,,,
P30874,P30874,6752,,,
P32745,P32745,6753,,,
P31391,P31391,6754,,,
P35346,P35346,6755,,,
Q16384,Q16384,6756,,,
R9QTR3,R9QTR3,6757,,,
Q58F21,Q58F21,676,,,
Q15532,Q15532,6760,,,
B4E0U6,B4E0U6,6767,,,
Q9Y5Y6,Q9Y5Y6,6768,,,
Q07352,Q07352,677,,,
Q6IBK0,Q6IBK0,6770,,,
P42224,P42224,6772,,,
R9QE65,R9QE65,6773,,,
P40763,P40763,6774,,,
Q14765,Q14765,6775,,,
Q59GY7,Q59GY7,6776,,,
P51692,P51692,6777,,,
P42226,P42226,6778,,,
P02808,P02808,6779,,,
P47974,P47974,678,,,
Q6PJX3,Q6PJX3,6780,,,
P48723,P48723,6782,,,
Q53X91,Q53X91,6783,,,
Q9GZR5,Q9GZR5,6785,,,
G0XQ39,G0XQ39,6786,,,
P51957,P51957,6787,,,
Q13188,Q13188,6788,,,
Q13043,Q13043,6789,,,
O14965,O14965,6790,,,
O76039,O76039,6792,,,
O94804,O94804,6793,,,
Q15831,Q15831,6794,,,
Q9UQB9,Q9UQB9,6795,,,
P50226,P50226,6799,,,
P32247,P32247,680,,,
O43815,O43815,6801,,,
Q16623,Q16623,6804,,,
Q53YE2,Q53YE2,6809,,,
B7Z425,B7Z425,6810,,,
Q13190,Q13190,6811,,,
Q68CM6,Q68CM6,6812,,,
Q15833,Q15833,6813,,,
O00186,O00186,6814,,,
Q8WUJ0,Q8WUJ0,6815,,,
P50225,P50225,6817,,,
Q1ET61,Q1ET61,6818,,,
O00338,O00338,6819,,,
P35613,P35613,682,,,
O00204,O00204,6820,,,
P51687,P51687,6821,,,
Q06520,Q06520,6822,,,
P63272,P63272,6827,,,
O00267,O00267,6829,,,
Q10588,Q10588,683,,,
Q7KZ85,Q7KZ85,6830,,,
Q8IYB8,Q8IYB8,6832,,,
Q09428,Q09428,6833,,,
Q15526,Q15526,6834,,,
Q15528,Q15528,6837,,,
O43463,O43463,6839,,,
Q10589,Q10589,684,,,
Q569J5,Q569J5,6840,,,
P23763,P23763,6843,,,
P63027,P63027,6844,,,
P51809,P51809,6845,,,
Q9UBD3,Q9UBD3,6846,,,
Q15431,Q15431,6847,,,
P35070,P35070,685,,,
P43405,P43405,6850,,,
P21579,P21579,6857,,,
P43251,P43251,686,,,
O15178,O15178,6862,,,
P20366,P20366,6863,,,
P21452,P21452,6865,,,
Q9UHF0,Q9UHF0,6866,,,
O75410,O75410,6867,,,
P78536,P78536,6868,,,
P25103,P25103,6869,,,
Q13886,Q13886,687,,,
P29371,P29371,6870,,,
O75478,O75478,6871,,,
P21675,P21675,6872,,,
Q6P1X5,Q6P1X5,6873,,,
O00268,O00268,6874,,,
Q92750,Q92750,6875,,,
Q15542,Q15542,6877,,,
P49848,P49848,6878,,,
Q15545,Q15545,6879,,,
Q13887,Q13887,688,,,
Q16594,Q16594,6880,,,
Q12962,Q12962,6881,,,
Q15544,Q15544,6882,,,
Q16514,Q16514,6883,,,
Q15543,Q15543,6884,,,
O43318,O43318,6885,,,
Q16509,Q16509,6886,,,
Q16559,Q16559,6887,,,
P37837,P37837,6888,,,
P20290,P20290,689,,,
Q03518,Q03518,6890,,,
X5CMH5,X5CMH5,6891,,,
O15533,O15533,6892,,,
Q15633,Q15633,6895,,,
P26639,P26639,6897,,,
P17735,P17735,6898,,,
Q152R5,Q152R5,6899,,,
Q02246,Q02246,6900,,,
Q16635,Q16635,6901,,,
O75347,O75347,6902,,,
P05543,P05543,6906,,,
O60907,O60907,6907,,,
P20226,P20226,6908,,,
Q13207,Q13207,6909,,,
Q99593,Q99593,6910,,,
O95947,O95947,6911,,,
Q96SF7,Q96SF7,6913,,,
Q0VAB0,Q0VAB0,6915,,,
Q53F23,Q53F23,6916,,,
P23193,P23193,6917,,,
Q86VL0,Q86VL0,6919,,,
Q15369,Q15369,6921,,,
Q15370,Q15370,6923,,,
Q9NQ55,Q9NQ55,692312,,,
Q14241,Q14241,6924,,,
P15884,P15884,6925,,,
O15119,O15119,6926,,,
P20823,P20823,6927,,,
Q6FHW6,Q6FHW6,6928,,,
P15923,P15923,6929,,,
P36402,P36402,6932,,,
Q9NQB0,Q9NQB0,6934,,,
P37275,P37275,6935,,,
P16383,P16383,6936,,,
Q99081,Q99081,6938,,,
Q6NVX3,Q6NVX3,6939,,,
Q6IBC8,Q6IBC8,694,,,
V9HWI2,V9HWI2,6940,,,
Q15906,Q15906,6944,,,
Q9UH92,Q9UH92,6945,,,
P20062,P20062,6948,,,
Q13428,Q13428,6949,,,
Q5JY90,Q5JY90,695,,,
E7EQR6,E7EQR6,6950,,,
Q4VAN2,Q4VAN2,696,,,
B4DYG2,B4DYG2,699,,,
P51808,P51808,6990,,,
O60927,O60927,6992,,,
Q13569,Q13569,6996,,,
P48775,P48775,6999,,,
P68032,P68032,70,,,
V9HW12,V9HW12,7001,,,
Q59EF3,Q59EF3,7003,,,
Q15561,Q15561,7004,,,
Q99594,Q99594,7005,,,
P42680,P42680,7006,,,
O75443,O75443,7007,,,
Q10587,Q10587,7008,,,
O60566,O60566,701,,,
Q59HG2,Q59HG2,7010,,,
Q99973,Q99973,7011,,,
P54274,P54274,7013,,,
Q15554,Q15554,7014,,,
O14746,O14746,7015,,,
Q8NFJ4,Q8NFJ4,7016,,,
Q06AH7,Q06AH7,7018,,,
Q00059,Q00059,7019,,,
P05549,P05549,7020,,,
Q92481,Q92481,7021,,,
Q92754,Q92754,7022,,,
Q01664,Q01664,7023,,,
Q12800,Q12800,7024,,,
P10589,P10589,7025,,,
P24468,P24468,7026,,,
Q14186,Q14186,7027,,,
Q14188,Q14188,7029,,,
P19532,P19532,7030,,,
P10646,P10646,7035,,,
P02786,P02786,7037,,,
P01266,P01266,7038,,,
P01135,P01135,7039,,,
P01137,P01137,7040,,,
P61812,P61812,7042,,,
P10600,P10600,7043,,,
O00292,O00292,7044,,,
Q15582,Q15582,7045,,,
P36897,P36897,7046,,,
P49221,P49221,7047,,,
P37173,P37173,7048,,,
Q03167,Q03167,7049,,,
Q13895,Q13895,705,,,
Q15583,Q15583,7050,,,
P22735,P22735,7051,,,
V9HWG3,V9HWG3,7052,,,
Q08188,Q08188,7053,,,
P07101,P07101,7054,,,
P07204,P07204,7056,,,
P07996,P07996,7057,,,
P35442,P35442,7058,,,
P49746,P49746,7059,,,
P30536,P30536,706,,,
P35443,P35443,7060,,,
Q07283,Q07283,7062,,,
P52888,P52888,7064,,,
P40225,P40225,7066,,,
P10827,P10827,7067,,,
P10828,P10828,7068,,,
P04216,P04216,7070,,,
Q13118,Q13118,7071,,,
P31483,P31483,7072,,,
Q49AS9,Q49AS9,7073,,,
Q13009,Q13009,7074,,,
B4DTW8,B4DTW8,7075,,,
Q6FGX5,Q6FGX5,7076,,,
P35625,P35625,7078,,,
Q07021,Q07021,708,,,
P43699,P43699,7080,,,
A9CQZ8,A9CQZ8,7082,,,
P04183,P04183,7083,,,
O00142,O00142,7084,,,
V9HWD9,V9HWD9,7086,,,
Q9UMF0,Q9UMF0,7087,,,
O43897,O43897,7092,,,
Q9Y6L7,Q9Y6L7,7093,,,
Q9Y490,Q9Y490,7094,,,
Q99442,Q99442,7095,,,
Q15399,Q15399,7096,,,
O60603,O60603,7097,,,
O15455,O15455,7098,,,
O00206,O00206,7099,,,
P63261,P63261,71,,,
P05155,P05155,710,,,
O60602,O60602,7100,,,
Q9Y466,Q9Y466,7101,,,
P41732,P41732,7102,,,
P19075,P19075,7103,,,
A0A024RCI0,A0A024RCI0,7105,,,
O14817,O14817,7106,,,
O76062,O76062,7108,,,
P28289,P28289,7111,,,
O15393,O15393,7113,,,
Q0P5T0,Q0P5T0,7114,,,
P02745,P02745,712,,,
O00501,O00501,7122,,,
E9PHK0,E9PHK0,7123,,,
Q5STB3,Q5STB3,7124,,,
P02585,P02585,7125,,,
Q13829,Q13829,7126,,,
P21580,P21580,7128,,,
P02746,P02746,713,,,
P98066,P98066,7130,,,
P19438,P19438,7132,,,
P20333,P20333,7133,,,
Q6FH91,Q6FH91,7134,,,
P19237,P19237,7135,,,
P48788,P48788,7136,,,
Q6FGX2,Q6FGX2,7137,,,
P13805,P13805,7138,,,
P45379,P45379,7139,,,
P02747,P02747,714,,,
P45378,P45378,7140,,,
Q92752,Q92752,7143,,,
Q9HBL0,Q9HBL0,7145,,,
Q9Y464,Q9Y464,7148,,,
P00736,P00736,715,,,
P11387,P11387,7150,,,
P11388,P11388,7153,,,
Q59H80,Q59H80,7155,,,
Q13472,Q13472,7156,,,
Q53GA5,Q53GA5,7157,,,
Q13625,Q13625,7159,,,
P09871,P09871,716,,,
O15350,O15350,7161,,,
P17752,P17752,7166,,,
V9HWK1,V9HWK1,7167,,,
P09493,P09493,7168,,,
V9HW25,V9HW25,7169,,,
Q5JP69,Q5JP69,717,,,
P06753,P06753,7170,,,
P67936,P67936,7171,,,
P51580,P51580,7172,,,
Q6P534,Q6P534,7173,,,
P29144,P29144,7174,,,
P12270,P12270,7175,,,
Q15661,Q15661,7177,,,
P56180,P56180,7179,,,
V9HWA9,V9HWA9,718,,,
P13056,P13056,7181,,,
P49116,P49116,7182,,,
V9HWP2,V9HWP2,7184,,,
Q13077,Q13077,7185,,,
Q12933,Q12933,7186,,,
Q13114,Q13114,7187,,,
O00463,O00463,7188,,,
Q9Y4K3,Q9Y4K3,7189,,,
Q16581,Q16581,719,,,
P63267,P63267,72,,,
P0C0L4,P0C0L4,720,,,
P20396,P20396,7200,,,
P34981,P34981,7201,,,
P49368,P49368,7203,,,
O75962,O75962,7204,,,
Q15654,Q15654,7205,,,
P0C0L5,P0C0L5,721,,,
P04003,P04003,722,,,
P48995,P48995,7220,,,
Q13507,Q13507,7222,,,
Q9UBN4,Q9UBN4,7223,,,
Q9UL62,Q9UL62,7224,,,
Q9Y210,Q9Y210,7225,,,
O94759,O94759,7226,,,
Q6FI13,Q6FI13,723790,,,
X5D9D2,X5D9D2,7248,,,
P49815,P49815,7249,,,
P20851,P20851,725,,,
Q99816,Q99816,7251,,,
P01222,P01222,7252,,,
P16473,P16473,7253,,,
Q540R4,Q540R4,7258,,,
Q9H0U9,Q9H0U9,7259,,,
O15484,O15484,726,,,
Q16762,Q16762,7263,,,
Q13630,Q13630,7264,,,
Q99615,Q99615,7266,,,
P53804,P53804,7267,,,
P01031,P01031,727,,,
Q15361,Q15361,7270,,,
P33981,P33981,7272,,,
Q8WZ42,Q8WZ42,7273,,,
P68366,P68366,7277,,,
Q1ZYQ1,Q1ZYQ1,7278,,,
Q16385,Q16385,727837,,,
O14715,O14715,727851,,,
Q9HC84,Q9HC84,727897,,,
A0PJZ3,A0PJZ3,727936,,,
P21730,P21730,728,,,
Q13885,Q13885,7280,,,
Q5VT79,Q5VT79,728113,,,
Q8NAP8,Q8NAP8,728116,,,
Q01534,Q01534,728137,,,
P23258,P23258,7283,,,
Q6P1K8,Q6P1K8,728340,,,
Q9GZY0,Q9GZY0,728343,,,
P59665,P59665,728358,,,
Q0WX57,Q0WX57,728369,,,
Q0WX57,Q0WX57,728373,,,
A5A3E0,A5A3E0,728378,,,
Q0WX57,Q0WX57,728379,,,
A8MUK1,A8MUK1,728386,,,
Q0WX57,Q0WX57,728393,,,
P49411,P49411,7284,,,
Q0WX57,Q0WX57,728400,,,
Q0WX57,Q0WX57,728405,,,
Q0WX57,Q0WX57,728419,,,
P04001,P04001,728458,,,
Q5SXM8,Q5SXM8,728489,,,
Q9UQ88,Q9UQ88,728642,,,
Q5HYR2,Q5HYR2,728656,,,
P0CK96,P0CK96,728661,,,
B5ME19,B5ME19,728689,,,
O00294,O00294,7287,,,
B4DX44,B4DX44,728927,,,
Q3SY89,Q3SY89,728929,,,
A0A075B759,A0A075B759,728945,,,
P0CH99,P0CH99,728957,,,
P13671,P13671,729,,,
P54198,P54198,7290,,,
Q2QD12,Q2QD12,729020,,,
A6NIM6,A6NIM6,729025,,,
Q15672,Q15672,7291,,,
P23510,P23510,7292,,,
Q96QH8,Q96QH8,729201,,,
P41597,P41597,729230,,,
Q8IWL1,Q8IWL1,729238,,,
P43489,P43489,7293,,,
C9J1S8,C9J1S8,729384,,,
P42681,P42681,7294,,,
Q9Y6R9,Q9Y6R9,729440,,,
P10599,P10599,7295,,,
Q16881,Q16881,7296,,,
P0C7V5,P0C7V5,729648,,,
P29597,P29597,7297,,,
C9JN71,C9JN71,729747,,,
Q6IEY1,Q6IEY1,729759,,,
Q53Y97,Q53Y97,7298,,,
P0DJD1,P0DJD1,729857,,,
P14679,P14679,7299,,,
Q05CI3,Q05CI3,730,,,
B7Z6K7,B7Z6K7,730051,,,
A6NNF4,A6NNF4,730087,,,
Q06418,Q06418,7301,,,
A6NK06,A6NK06,730249,,,
A0A075B759,A0A075B759,730262,,,
P0CB33,P0CB33,730291,,,
Q6P1K8,Q6P1K8,730394,,,
O43914,O43914,7305,,,
P17643,P17643,7306,,,
Q01081,Q01081,7307,,,
P07357,P07357,731,,,
Q7Z4P3,Q7Z4P3,7311,,,
Q5U5U6,Q5U5U6,7314,,,
P0CG48,P0CG48,7316,,,
P22314,P22314,7317,,,
P41226,P41226,7318,,,
P49459,P49459,7319,,,
P07358,P07358,732,,,
P63146,P63146,7320,,,
A0A087WW00,A0A087WW00,7321,,,
P62837,P62837,7322,,,
D6RAH7,D6RAH7,7323,,,
P51965,P51965,7324,,,
Q96LR5,Q96LR5,7325,,,
P62253,P62253,7326,,,
P60604,P60604,7327,,,
P62256,P62256,7328,,,
P63279,P63279,7329,,,
P07360,P07360,733,,,
P68036,P68036,7332,,,
V9HW41,V9HW41,7334,,,
Q13404,Q13404,7335,,,
Q15819,Q15819,7336,,,
Q9BUI6,Q9BUI6,7337,,,
P63165,P63165,7341,,,
Q9NZI7,Q9NZI7,7342,,,
P17480,P17480,7343,,,
V9HW74,V9HW74,7345,,,
P15374,P15374,7347,,,
O75841,O75841,7348,,,
P02748,P02748,735,,,
P25874,P25874,7350,,,
P55851,P55851,7351,,,
P55916,P55916,7352,,,
Q92890,Q92890,7353,,,
P78381,P78381,7355,,,
Q16739,Q16739,7357,,,
O60701,O60701,7358,,,
Q16851,Q16851,7360,,,
P06133,P06133,7363,,,
P16662,P16662,7364,,,
P36537,P36537,7365,,,
P54855,P54855,7366,,,
O75795,O75795,7367,,,
Q16880,Q16880,7368,,,
P07911,P07911,7369,,,
Q9BZX2,Q9BZX2,7371,,,
P11172,P11172,7372,,,
Q05707,Q05707,7373,,,
P13051,P13051,7374,,,
Q13107,Q13107,7375,,,
P55055,P55055,7376,,,
Q16831,Q16831,7378,,,
O75631,O75631,7380,,,
P14927,P14927,7381,,,
P31930,P31930,7384,,,
P22695,P22695,7385,,,
P47985,P47985,7386,,,
Q567R0,Q567R0,7388,,,
P06132,P06132,7389,,,
P10746,P10746,7390,,,
P22415,P22415,7391,,,
Q15853,Q15853,7392,,,
O94782,O94782,7398,,,
O75445,O75445,7399,,,
Q13405,Q13405,740,,,
Q86TD1,Q86TD1,7403,,,
F5H8B4,F5H8B4,7404,,,
P26640,P26640,7407,,,
P50552,P50552,7408,,,
Q96D37,Q96D37,7409,,,
P52735,P52735,7410,,,
P19320,P19320,7412,,,
P18206,P18206,7414,,,
V9HW80,V9HW80,7415,,,
P21796,P21796,7416,,,
P45880,P45880,7417,,,
Q9Y277,Q9Y277,7419,,,
P11473,P11473,7421,,,
P15692,P15692,7422,,,
P49765,P49765,7423,,,
P49767,P49767,7424,,,
P40337,P40337,7428,,,
Q53F91,Q53F91,7429,,,
P15311,P15311,7430,,,
V9HWE1,V9HWE1,7431,,,
P01282,P01282,7432,,,
P32241,P32241,7433,,,
X5DP12,X5DP12,7434,,,
O76090,O76090,7439,,,
F8W8C9,F8W8C9,7441,,,
Q8NER1,Q8NER1,7442,,,
Q99986,Q99986,7443,,,
Q86Y07,Q86Y07,7444,,,
P04004,P04004,7448,,,
P04275,P04275,7450,,,
P23381,P23381,7453,,,
P42768,P42768,7454,,,
Q2YDC4,Q2YDC4,7456,,,
Q9UDT6,Q9UDT6,7461,,,
Q92828,Q92828,7464,,,
P30291,P30291,7465,,,
O76024,O76024,7466,,,
O96028,O96028,7468,,,
Q9H3P2,Q9H3P2,7469,,,
Q9Y4D2,Q9Y4D2,747,,,
P04628,P04628,7471,,,
P09544,P09544,7472,,,
P56703,P56703,7473,,,
P41221,P41221,7474,,,
Q9Y6F9,Q9Y6F9,7475,,,
O00755,O00755,7476,,,
P56706,P56706,7477,,,
Q9H1J5,Q9H1J5,7478,,,
Q93098,Q93098,7479,,,
O00744,O00744,7480,,,
O96014,O96014,7481,,,
Q93097,Q93097,7482,,,
O14904,O14904,7483,,,
O14905,O14905,7484,,,
Q59F09,Q59F09,7486,,,
Q6PI38,Q6PI38,7490,,,
P17861,P17861,7494,,,
P47989,P47989,7498,,,
P51811,P51811,7504,,,
P23025,P23025,7507,,,
X5DRB1,X5DRB1,7508,,,
Q9NQW7,Q9NQW7,7511,,,
O43895,O43895,7512,,,
O14980,O14980,7514,,,
Q59HH7,Q59HH7,7515,,,
O43543,O43543,7516,,,
Q53XC8,Q53XC8,7517,,,
Q7Z763,Q7Z763,7518,,,
P13010,P13010,7520,,,
P07947,P07947,7525,,,
P25490,P25490,7528,,,
V9HWD6,V9HWD6,7529,,,
V9HW98,V9HW98,7531,,,
P61981,P61981,7532,,,
Q9H4N8,Q9H4N8,7533,,,
P63104,P63104,7534,,,
P43403,P43403,7535,,,
Q15637,Q15637,7536,,,
P26651,P26651,7538,,,
Q9Y6Q3,Q9Y6Q3,7539,,,
Q15915,Q15915,7545,,,
O95409,O95409,7546,,,
O60481,O60481,7547,,,
Q9BSG1,Q9BSG1,7549,,,
P17036,P17036,7551,,,
P17097,P17097,7553,,,
P17098,P17098,7554,,,
P62633,P62633,7555,,,
Q9UG14,Q9UG14,7556,,,
P17014,P17014,7559,,,
P17017,P17017,7561,,,
P17019,P17019,7562,,,
P17021,P17021,7565,,,
P17022,P17022,7566,,,
P17023,P17023,7567,,,
P17025,P17025,7569,,,
P17027,P17027,7571,,,
P17028,P17028,7572,,,
P17040,P17040,7579,,,
Q06730,Q06730,7581,,,
Q06732,Q06732,7582,,,
E9PC66,E9PC66,7586,,,
P17032,P17032,7587,,,
Q9Y5A6,Q9Y5A6,7589,,,
V9HWE3,V9HWE3,759,,,
P51814,P51814,7592,,,
P28698,P28698,7593,,,
P17038,P17038,7594,,,
Q02386,Q02386,7596,,,
P24278,P24278,7597,,,
V9HW21,V9HW21,760,,,
V9HWA3,V9HWA3,761,,,
P22748,P22748,762,,,
P51815,P51815,7626,,,
Q96N20,Q96N20,7627,,,
P35218,P35218,763,,,
F5H032,F5H032,7633,,,
P51523,P51523,7637,,,
Q9UK13,Q9UK13,7638,,,
Q49A12,Q49A12,7639,,,
Q03938,Q03938,7643,,,
Q05481,Q05481,7644,,,
P23280,P23280,765,,,
A8MXY4,A8MXY4,7652,,,
P43166,P43166,766,,,
P35219,P35219,767,,,
Q9UK12,Q9UK12,7673,,,
Q15973,Q15973,7678,,,
Q16790,Q16790,768,,,
Q13064,Q13064,7681,,,
Q00LT1,Q00LT1,768206,,,
Q6NUJ1,Q6NUJ1,768239,,,
P52740,P52740,7691,,,
P52736,P52736,7692,,,
Q8N9M3,Q8N9M3,7694,,,
P52737,P52737,7695,,,
P52738,P52738,7699,,,
Q15928,Q15928,7700,,,
P35227,P35227,7703,,,
Q05516,Q05516,7704,,,
Q14258,Q14258,7706,,,
Q13105,Q13105,7709,,,
O43570,O43570,771,,,
Q13106,Q13106,7710,,,
Q12901,Q12901,7711,,,
P51786,P51786,7712,,,
Q53Z40,Q53Z40,7718,,,
Q12899,Q12899,7726,,,
Q15697,Q15697,7727,,,
Q9Y473,Q9Y473,7728,,,
Q9NS89,Q9NS89,773,,,
Q13360,Q13360,7730,,,
Q9UJW8,Q9UJW8,7733,,,
O15541,O15541,7737,,,
Q99676,Q99676,7738,,,
Q00975,Q00975,774,,,
Q16670,Q16670,7741,,,
O75820,O75820,7743,,,
Q59HG5,Q59HG5,7745,,,
O15535,O15535,7746,,,
O14628,O14628,7748,,,
Q13936,Q13936,775,,,
P98182,P98182,7752,,,
O95125,O95125,7753,,,
O95201,O95201,7755,,,
O43345,O43345,7757,,,
Q59GD8,Q59GD8,776,,,
O14771,O14771,7760,,,
Q9UL59,Q9UL59,7761,,,
Q9UL58,Q9UL58,7762,,,
Q9UK11,Q9UK11,7766,,,
Q9NZL3,Q9NZL3,7767,,,
Q9UK10,Q9UK10,7768,,,
Q9NYT6,Q9NYT6,7769,,,
Q59FG1,Q59FG1,777,,,
Q86WZ6,Q86WZ6,7770,,,
Q9UJU3,Q9UJU3,7771,,,
A0A087WVZ7,A0A087WVZ7,7772,,,
Q9UIE0,Q9UIE0,7773,,,
Q9UNY5,Q9UNY5,7775,,,
Q9Y6M5,Q9Y6M5,7779,,,
O60840,O60840,778,,,
Q9BRI3,Q9BRI3,7780,,,
Q99726,Q99726,7781,,,
O14863,O14863,7782,,,
Q12852,Q12852,7786,,,
Q13698,Q13698,779,,,
Q96AF9,Q96AF9,7791,,,
Q13029,Q13029,7799,,,
Q96T62,Q96T62,780,,,
O14645,O14645,7802,,,
Q93096,Q93096,7803,,,
Q5TBB8,Q5TBB8,7805,,,
Q8WZ55,Q8WZ55,7809,,,
P54289,P54289,781,,,
P51398,P51398,7818,,,
Q02641,Q02641,782,,,
Q9NP85,Q9NP85,7827,,,
Q59H42,Q59H42,783,,,
P78543,P78543,7832,,,
Q92626,Q92626,7837,,,
P54284,P54284,784,,,
Q8TCU4,Q8TCU4,7840,,,
Q58F09,Q58F09,7841,,,
O00237,O00237,7844,,,
Q71U36,Q71U36,7846,,,
R9W7C9,R9W7C9,7849,,,
O00305,O00305,785,,,
P27930,P27930,7850,,,
P61073,P61073,7852,,,
Q13467,Q13467,7855,,,
Q06432,Q06432,786,,,
P55201,P55201,7862,,,
Q16644,Q16644,7867,,,
Q13214,Q13214,7869,,,
B7ZAX6,B7ZAX6,7874,,,
P51149,P51149,7879,,,
O43772,O43772,788,,,
Q14722,Q14722,7881,,,
Q14493,Q14493,7884,,,
Q9BV47,Q9BV47,78986,,,
Q9BWP8,Q9BWP8,78989,,,
Q96DC9,Q96DC9,78990,,,
Q6PJG9,Q6PJG9,78999,,,
P27708,P27708,790,,,
Q9H7T9,Q9H7T9,79000,,,
Q9BQB6,Q9BQB6,79001,,,
Q9H081,Q9H081,79003,,,
Q9BQ83,Q9BQ83,79008,,,
Q9BQ39,Q9BQ39,79009,,,
Q8NCB2,Q8NCB2,79012,,,
Q9BW61,Q9BW61,79016,,,
O75223,O75223,79017,,,
Q9NSP4,Q9NSP4,79019,,,
Q8NFH4,Q8NFH4,79023,,,
Q92187,Q92187,7903,,,
O43414,O43414,79033,,,
Q8TDD1,Q8TDD1,79039,,,
Q9BSV6,Q9BSV6,79042,,,
Q96T21,Q96T21,79048,,,
Q00765,Q00765,7905,,,
Q9BVI4,Q9BVI4,79050,,,
Q9BVK2,Q9BVK2,79053,,,
W8DTH1,W8DTH1,79054,,,
Q9BZE9,Q9BZE9,79058,,,
Q7Z3C6,Q7Z3C6,79065,,,
Q86W50,Q86W50,79066,,,
Q9C0B1,Q9C0B1,79068,,,
Q9H5J4,Q9H5J4,79071,,,
Q9BVC5,Q9BVC5,79074,,,
Q9BVC3,Q9BVC3,79075,,,
Q9H773,Q9H773,79077,,,
Q9H6F5,Q9H6F5,79080,,,
Q9BQA1,Q9BQA1,79084,,,
Q9BV35,Q9BV35,79085,,,
Q9BV10,Q9BV10,79087,,,
Q9BUY5,Q9BUY5,79088,,,
Q9BUX1,Q9BUX1,79094,,,
Q8IWZ4,Q8IWZ4,79097,,,
Q9H5J8,Q9H5J8,79101,,,
Q9BY78,Q9BY78,79102,,,
P35659,P35659,7913,,,
Q96C10,Q96C10,79132,,,
Q5TEU4,Q5TEU4,79133,,,
Q9BUN8,Q9BUN8,79139,,,
Q96N66,Q96N66,79143,,,
Q9H239,Q9H239,79148,,,
Q9BUG6,Q9BUG6,79149,,,
X5DQN2,X5DQN2,7915,,,
Q3T906,Q3T906,79158,,,
Q9UGY1,Q9UGY1,79159,,,
U5XH19,U5XH19,79168,,,
Q9BU64,Q9BU64,79172,,,
Q6P1L6,Q6P1L6,79175,,,
Q9H469,Q9H469,79176,,,
Q9BU02,Q9BU02,79178,,,
P46736,P46736,79184,,,
Q13838,Q13838,7919,,,
Q92504,Q92504,7922,,,
Q86W42,Q86W42,79228,,,
Q92506,Q92506,7923,,,
Q8N988,Q8N988,79230,,,
Q495T6,Q495T6,79258,,,
Q5QP82,Q5QP82,79269,,,
Q8NGR1,Q8NGR1,79290,,,
Q8NGV6,Q8NGV6,79295,,,
P05937,P05937,793,,,
Q8NGV7,Q8NGV7,79310,,,
Q8NGD3,Q8NGD3,79317,,,
O95918,O95918,7932,,,
Q8NGK1,Q8NGK1,79324,,,
Q9Y5P0,Q9Y5P0,79339,,,
Q9Y5P1,Q9Y5P1,79345,,,
P18615,P18615,7936,,,
Q9C0J9,Q9C0J9,79365,,,
P82970,P82970,79366,,,
Q9C0J1,Q9C0J1,79369,,,
Q13093,Q13093,7941,,,
Q9BTN0,Q9BTN0,79414,,,
P19484,P19484,7942,,,
Q68CZ6,Q68CZ6,79441,,,
Q96CA5,Q96CA5,79444,,,
Q9BTK6,Q9BTK6,79447,,,
Q9BZM4,Q9BZM4,79465,,,
Q8NH53,Q8NH53,79473,,,
P29377,P29377,795,,,
Q8NH21,Q8NH21,79501,,,
O95047,O95047,79541,,,
Q8NGD4,Q8NGD4,79544,,,
O95278,O95278,7957,,,
Q9H7F0,Q9H7F0,79572,,,
Q8TE67,Q8TE67,79574,,,
Q96I13,Q96I13,79575,,,
Q6P1J9,Q6P1J9,79577,,,
Q9H6L2,Q9H6L2,79583,,,
P57737,P57737,79585,,,
Q8IZ52,Q8IZ52,79586,,,
Q9HA77,Q9HA77,79587,,,
Q8TEB7,Q8TEB7,79589,,,
Q96A35,Q96A35,79590,,,
Q969V5,Q969V5,79594,,,
Q9H0E3,Q9H0E3,79595,,,
Q8IW35,Q8IW35,79598,,,
P01258,P01258,796,,,
Q2MV58,Q2MV58,79600,,,
Q86V24,Q86V24,79602,,,
Q9HA82,Q9HA82,79603,,,
Q9H6R3,Q9H6R3,79611,,,
Q5TBB1,Q5TBB1,79621,,,
Q9BV90,Q9BV90,79622,,,
Q96FL9,Q96FL9,79623,,,
Q7Z2Z2,Q7Z2Z2,79631,,,
X2GA70,X2GA70,79633,,,
Q0VDG4,Q0VDG4,79634,,,
Q5FYB0,Q5FYB0,79642,,,
Q96FZ7,Q96FZ7,79643,,,
Q9H8P0,Q9H8P0,79644,,,
Q9H999,Q9H999,79646,,,
Q8NEM0,Q8NEM0,79648,,,
Q8IWC1,Q8IWC1,79649,,,
Q13155,Q13155,7965,,,
Q5T447,Q5T447,79654,,,
A1A4S6,A1A4S6,79658,,,
Q8NCM8,Q8NCM8,79659,,,
Q86XI6,Q86XI6,79660,,,
Q96FI4,Q96FI4,79661,,,
Q96EW2,Q96EW2,79663,,,
Q8IX18,Q8IX18,79665,,,
Q8N3A8,Q8N3A8,79668,,,
Q5VYS8,Q5VYS8,79670,,,
Q86UT6,Q86UT6,79671,,,
Q9HA64,Q9HA64,79672,,,
Q7Z7D3,Q7Z7D3,79679,,,
Q71F23,Q71F23,79682,,,
Q8IZN3,Q8IZN3,79683,,,
Q96RP7,Q96RP7,79690,,,
Q9H974,Q9H974,79691,,,
Q5SRI9,Q5SRI9,79694,,,
Q8IXK2,Q8IXK2,79695,,,
Q9H6W3,Q9H6W3,79697,,,
Q9C0D3,Q9C0D3,79699,,,
Q38SD2,Q38SD2,79705,,,
Q5SY16,Q5SY16,79707,,,
Q8NBJ5,Q8NBJ5,79709,,,
Q8NDH3,Q8NDH3,79716,,,
Q9HAB8,Q9HAB8,79717,,,
Q9BZK7,Q9BZK7,79718,,,
Q9H9H4,Q9H9H4,79720,,,
Q9H5I1,Q9H5I1,79723,,,
Q9H5H4,Q9H5H4,79724,,,
Q9H9Z2,Q9H9Z2,79727,,,
Q86YC2,Q86YC2,79728,,,
Q9H5H1,Q9H5H1,79731,,,
A0AVK6,A0AVK6,79733,,,
Q96QE5,Q96QE5,79736,,,
Q8TAM1,Q8TAM1,79738,,,
Q6ZT98,Q6ZT98,79739,,,
Q96HQ0,Q96HQ0,79744,,,
Q8N3C7,Q8N3C7,79745,,,
Q9HAT1,Q9HAT1,79748,,,
O60675,O60675,7975,,,
Q9H936,Q9H936,79751,,,
Q8TCF1,Q8TCF1,79752,,,
Q8TAD8,Q8TAD8,79753,,,
Q8WXK3,Q8WXK3,79754,,,
A0PJE2,A0PJE2,79758,,,
Q9NPG1,Q9NPG1,7976,,,
Q9H840,Q9H840,79760,,,
Q96BJ8,Q96BJ8,79767,,,
Q86UP3,Q86UP3,79776,,,
Q99551,Q99551,7978,,,
Q9HAC7,Q9HAC7,79783,,,
Q7Z406,Q7Z406,79784,,,
Q9H628,Q9H628,79785,,,
Q8N4N3,Q8N4N3,79786,,,
Q9H7R5,Q9H7R5,79788,,,
Q6IBB7,Q6IBB7,7979,,,
Q5XUX0,Q5XUX0,79791,,,
Q9H6U8,Q9H6U8,79796,,,
Q6UWM9,Q6UWM9,79799,,,
Q7Z4L5,Q7Z4L5,79809,,,
Q8WV60,Q8WV60,79810,,,
Q9H9B1,Q9H9B1,79813,,,
Q9BSE5,Q9BSE5,79814,,,
Q9H707,Q9H707,79818,,,
Q9H7T0,Q9H7T0,79820,,,
Q7Z624,Q7Z624,79823,,,
Q9H6B4,Q9H6B4,79827,,,
Q8N371,Q8N371,79831,,,
Q8WXD5,Q8WXD5,79833,,,
Q9H792,Q9H792,79834,,,
Q8TBX8,Q8TBX8,79837,,,
Q9H9Q4,Q9H9Q4,79840,,,
Q9H5J0,Q9H5J0,79842,,,
Q9H8X9,Q9H8X9,79844,,,
Q9H9V4,Q9H9V4,79845,,,
Q9H688,Q9H688,79848,,,
Q96L94,Q96L94,79856,,,
Q8NG66,Q8NG66,79858,,,
A6NHL2,A6NHL2,79861,,,
Q96BR6,Q96BR6,79862,,,
Q5T2D2,Q5T2D2,79865,,,
Q6PGQ7,Q6PGQ7,79866,,,
Q96GX1,Q96GX1,79867,,,
Q9NP73,Q9NP73,79868,,,
Q8N684,Q8N684,79869,,,
Q75N03,Q75N03,79872,,,
Q6ZVK8,Q6ZVK8,79873,,,
Q9GZZ9,Q9GZZ9,79876,,,
Q9UDV6,Q9UDV6,7988,,,
Q49MG5,Q49MG5,79884,,,
Q96DB2,Q96DB2,79885,,,
Q8NF37,Q8NF37,79888,,,
Q8TAW3,Q8TAW3,79891,,,
Q8TF62,Q8TF62,79895,,,
Q9H633,Q9H633,79897,,,
Q6PF04,Q6PF04,79898,,,
P30988,P30988,799,,,
Q53TN4,Q53TN4,79901,,,
Q9BW27,Q9BW27,79902,,,
Q6UX41,Q6UX41,79908,,,
Q13454,Q13454,7991,,,
Q9H9F9,Q9H9F9,79913,,,
Q8TBK2,Q8TBK2,79918,,,
Q6IN84,Q6IN84,79922,,,
Q9H9S0,Q9H9S0,79923,,,
Q96D53,Q96D53,79934,,,
Q96K37,Q96K37,79939,,,
A5PLL3,A5PLL3,7994,,,
Q9H9P8,Q9H9P8,79944,,,
Q86SQ9,Q86SQ9,79947,,,
Q6T4P5,Q6T4P5,79948,,,
Q9BSC4,Q9BSC4,79954,,,
Q8TAP6,Q8TAP6,79959,,,
Q6IE81,Q6IE81,79960,,,
Q8N4W6,Q8N4W6,79962,,,
Q86UC8,Q86UC8,79966,,,
Q5SQI0,Q5SQI0,79969,,,
Q9H7R0,Q9H7R0,79973,,,
Q6ISB3,Q6ISB3,79977,,,
Q96GJ1,Q96GJ1,79979,,,
Q9H410,Q9H410,79980,,,
Q8N878,Q8N878,79981,,,
Q8TBM8,Q8TBM8,79982,,,
Q5JB40,Q5JB40,79987,,,
A0AVF1,A0AVF1,79989,,,
A1L3X0,A1L3X0,79993,,,
Q05682,Q05682,800,,,
Q9H6T0,Q9H6T0,80004,,,
Q9H7D0,Q9H7D0,80005,,,
O75311,O75311,8001,,,
Q9H9A7,Q9H9A7,80010,,,
Q8NDX5,Q8NDX5,80012,,,
Q14CX7,Q14CX7,80018,,,
Q6J4K2,Q6J4K2,80024,,,
Q9BZ23,Q9BZ23,80025,,,
Q96ME1,Q96ME1,80028,,,
Q8NFY4,Q8NFY4,80031,,,
Q9HAH1,Q9HAH1,80032,,,
Q8WYN3,Q8WYN3,80034,,,
Q9H200,Q9H200,80036,,,
Q5UAW9,Q5UAW9,80045,,,
Q75T13,Q75T13,80055,,,
P59510,P59510,80070,,,
Q0P6D6,Q0P6D6,80071,,,
Q9H7U2,Q9H7U2,80095,,,
Q6NZ67,Q6NZ67,80097,,,
P62158,P62158,801,,,
Q8N883,Q8N883,80110,,,
Q9H694,Q9H694,80114,,,
Q8N4G2,Q8N4G2,80117,,,
Q9H611,Q9H611,80119,,,
Q56UN5,Q56UN5,80122,,,
Q96JH7,Q96JH7,80124,,,
Q7Z4K8,Q7Z4K8,80128,,,
Q92570,Q92570,8013,,,
Q9H9Y2,Q9H9Y2,80135,,,
Q9H7Z7,Q9H7Z7,80142,,,
Q9BRV8,Q9BRV8,80143,,,
A0A024R341,A0A024R341,80145,,,
Q8NBZ7,Q8NBZ7,80146,,,
Q5D1E8,Q5D1E8,80149,,,
Q7L266,Q7L266,80150,,,
Q96BT3,Q96BT3,80152,,,
Q96F86,Q96F86,80153,,,
Q9BXJ9,Q9BXJ9,80155,,,
Q3SYC2,Q3SYC2,80168,,,
Q96LB3,Q96LB3,80173,,,
Q96BD6,Q96BD6,80176,,,
Q05BJ6,Q05BJ6,80184,,,
Q15059,Q15059,8019,,,
Q96NY9,Q96NY9,80198,,,
Q2TB90,Q2TB90,80201,,,
Q86XK2,Q86XK2,80204,,,
Q3L8U1,Q3L8U1,80205,,,
Q96JI7,Q96JI7,80208,,,
P35658,P35658,8021,,,
Q53HC0,Q53HC0,80212,,,
Q96QP1,Q96QP1,80216,,,
Q9H8M1,Q9H8M1,80219,,,
Q9UBR4,Q9UBR4,8022,,,
Q96CM8,Q96CM8,80221,,,
U3KQG0,U3KQG0,80222,,,
Q6WKZ4,Q6WKZ4,80223,,,
Q8TB37,Q8TB37,80224,,,
Q9BRP4,Q9BRP4,80227,,,
Q96SN7,Q96SN7,80228,,,
Q96T51,Q96T51,80230,,,
Q0VG06,Q0VG06,80233,,,
Q86VD9,Q86VD9,80235,,,
Q9HB65,Q9HB65,80237,,,
Q70Z35,Q70Z35,80243,,,
Q96MT8,Q96MT8,80254,,,
Q8WV83,Q8WV83,80255,,,
Q9H8W5,Q9H8W5,80263,,,
Q2NKJ9,Q2NKJ9,80264,,,
Q9BZQ6,Q9BZQ6,80267,,,
Q92783,Q92783,8027,,,
Q9H2F3,Q9H2F3,80270,,,
Q96DU7,Q96DU7,80271,,,
Q9HAV7,Q9HAV7,80273,,,
O60494,O60494,8029,,,
Q49AM1,Q49AM1,80298,,,
Q16204,Q16204,8030,,,
Q9H204,Q9H204,80306,,,
Q8NFF5,Q8NFF5,80308,,,
Q96E88,Q96E88,8031,,,
Q9GZP0,Q9GZP0,80310,,,
V9HWF1,V9HWF1,80311,,,
Q8NFU7,Q8NFU7,80312,,,
Q9H2F5,Q9H2F5,80314,,,
Q17RY0,Q17RY0,80315,,,
Q9BRR0,Q9BRR0,80317,,,
J9JIF5,J9JIF5,80319,,,
Q3SY56,Q3SY56,80320,,,
Q8NHQ1,Q8NHQ1,80321,,,
Q9Y606,Q9Y606,80324,,,
Q969K4,Q969K4,80325,,,
Q9GZT5,Q9GZT5,80326,,,
Q9BZM5,Q9BZM5,80328,,,
Q9BZM6,Q9BZM6,80329,,,
Q9H3Z4,Q9H3Z4,80331,,,
Q9BZ11,Q9BZ11,80332,,,
Q6UXN9,Q6UXN9,80335,,,
Q4VXU2,Q4VXU2,80336,,,
Q9NST1,Q9NST1,80339,,,
P16260,P16260,8034,,,
Q5TEA6,Q5TEA6,80343,,,
Q8TEB1,Q8TEB1,80344,,,
Q9H4T2,Q9H4T2,80345,,,
Q9H6H4,Q9H6H4,80346,,,
Q13057,Q13057,80347,,,
Q9GZS3,Q9GZS3,80349,,,
Q9H2K2,Q9H2K2,80351,,,
Q9UQ13,Q9UQ13,8036,,,
U5NE98,U5NE98,8038,,,
Q9BQ51,Q9BQ51,80380,,,
Q5ZPR3,Q5ZPR3,80381,,,
Q02833,Q02833,8045,,,
P50461,P50461,8048,,,
P62158,P62158,805,,,
O00330,O00330,8050,,,
P15407,P15407,8061,,,
Q93034,Q93034,8065,,,
Q9BZV1,Q9BZV1,80700,,,
Q9BZV2,Q9BZV2,80704,,,
Q8N693,Q8N693,80712,,,
Q9BYU1,Q9BYU1,80714,,,
Q6JQN1,Q6JQN1,80724,,,
Q12974,Q12974,8073,,,
Q53GD3,Q53GD3,80736,,,
Q9GZV9,Q9GZV9,8074,,,
O95867,O95867,80740,,,
Q5SRR4,Q5SRR4,80741,,,
Q8NCE0,Q8NCE0,80746,,,
Q9BTE6,Q9BTE6,80755,,,
Q9BPU9,Q9BPU9,80776,,,
Q8IZ26,Q8IZ26,80778,,,
P45974,P45974,8078,,,
P39060,P39060,80781,,,
Q6P9B9,Q6P9B9,80789,,,
Q9BRL5,Q9BRL5,808,,,
Q9C0F0,Q9C0F0,80816,,,
Q9C0F1,Q9C0F1,80817,,,
Q9C0F3,Q9C0F3,80818,,,
Q8NEL9,Q8NEL9,80821,,,
Q9BY84,Q9BY84,80824,,,
Q9BWW8,Q9BWW8,80830,,,
Q9BWW9,Q9BWW9,80831,,,
Q9BPW4,Q9BPW4,80832,,,
O95236,O95236,80833,,,
Q8TE23,Q8TE23,80834,,,
Q7RTX1,Q7RTX1,80835,,,
Q6PIA1,Q6PIA1,8085,,,
Q6ZMT4,Q6ZMT4,80853,,,
Q8WTS6,Q8WTS6,80854,,,
Q9NRG9,Q9NRG9,8086,,,
P51114,P51114,8087,,,
O95619,O95619,8089,,,
Q9H0C8,Q9H0C8,80895,,,
Q9BXD5,Q9BXD5,80896,,,
F5H2A4,F5H2A4,8091,,,
V9HWA7,V9HWA7,8092,,,
Q9H3S3,Q9H3S3,80975,,,
O43707,O43707,81,,,
P27482,P27482,810,,,
Q13099,Q13099,8100,,,
P57773,P57773,81025,,,
Q9H4B7,Q9H4B7,81027,,,
Q9H1J7,Q9H1J7,81029,,,
Q9H171,Q9H171,81030,,,
O95528,O95528,81031,,,
Q9H252,Q9H252,81033,,,
Q9H2D1,Q9H2D1,81034,,,
Q5KU26,Q5KU26,81035,,,
Q9NZP5,Q9NZP5,81050,,,
Q86U42,Q86U42,8106,,,
Q8NG94,Q8NG94,81061,,,
Q8NGA8,Q8NGA8,81099,,,
V9HW88,V9HW88,811,,,
Q15743,Q15743,8111,,,
Q8NH41,Q8NH41,81127,,,
P56279,P56279,8115,,,
Q8NGG0,Q8NGG0,81168,,,
Q13367,Q13367,8120,,,
P39687,P39687,8125,,,
Q92186,Q92186,8128,,,
Q8NGK0,Q8NGK0,81282,,,
Q9H255,Q9H255,81285,,,
Q8NGL7,Q8NGL7,81300,,,
Q8NGM1,Q8NGM1,81309,,,
Q8NH83,Q8NH83,81318,,,
Q8NH70,Q8NH70,81327,,,
Q8NGL6,Q8NGL6,81328,,,
Q8NGF6,Q8NGF6,81341,,,
Q9H2C0,Q9H2C0,8139,,,
Q8NHA4,Q8NHA4,81392,,,
Q6IEY1,Q6IEY1,81399,,,
Q16566,Q16566,814,,,
Q01650,Q01650,8140,,,
Q8NGY6,Q8NGY6,81442,,,
Q8NGY2,Q8NGY2,81448,,,
Q8NG80,Q8NG80,81466,,,
Q8NGZ4,Q8NGZ4,81469,,,
Q8NGZ5,Q8NGZ5,81470,,,
Q8N628,Q8N628,81472,,,
Q92804,Q92804,8148,,,
Q9BVG9,Q9BVG9,81490,,,
Q9BZJ6,Q9BZJ6,81491,,,
Q9H7C4,Q9H7C4,81493,,,
Q8IWE0,Q8IWE0,815,,,
Q8TCT9,Q8TCT9,81502,,,
P52198,P52198,8153,,,
Q8TB96,Q8TB96,81533,,,
Q9BX95,Q9BX95,81537,,,
Q9H2H9,Q9H2H9,81539,,,
Q6PIJ6,Q6PIJ6,81545,,,
Q9H7E2,Q9H7E2,81550,,,
Q96F44,Q96F44,81559,,,
Q9H0V9,Q9H0V9,81562,,,
Q9GZM8,Q9GZM8,81565,,,
Q9H175,Q9H175,81566,,,
Q8NBS9,Q8NBS9,81567,,,
Q9H078,Q9H078,81570,,,
P13994,P13994,81576,,,
Q96P44,Q96P44,81578,,,
Q9BZM1,Q9BZM1,81579,,,
Q13554,Q13554,816,,,
Q9BZR9,Q9BZR9,81603,,,
Q9BTM9,Q9BTM9,81605,,,
Q96NY8,Q96NY8,81607,,,
Q6UN15,Q6UN15,81608,,,
Q96L92,Q96L92,81609,,,
P38432,P38432,8161,,,
Q9H4H8,Q9H4H8,81610,,,
Q9BTT0,Q9BTT0,81611,,,
Q5FVE4,Q5FVE4,81616,,,
Q9H9S4,Q9H9S4,81617,,,
Q9NQX7,Q9NQX7,81618,,,
Q8NG11,Q8NG11,81619,,,
Q9H211,Q9H211,81620,,,
Q9NSV4,Q9NSV4,81624,,,
Q96PN8,Q96PN8,81629,,,
Q9GZQ8,Q9GZQ8,81631,,,
Q92667,Q92667,8165,,,
Q9BUE6,Q9BUE6,81689,,,
Q96IC2,Q96IC2,81691,,,
Q9BXJ7,Q9BXJ7,81693,,,
Q9UGF6,Q9UGF6,81696,,,
Q9GZK3,Q9GZK3,81697,,,
Q13557,Q13557,817,,,
Q15849,Q15849,8170,,,
Q8TAE6,Q8TAE6,81706,,,
Q13477,Q13477,8174,,,
Q15428,Q15428,8175,,,
P55199,P55199,8178,,,
Q9C029,Q9C029,81786,,,
Q9H093,Q9H093,81788,,,
Q96K19,Q96K19,81790,,,
P58397,P58397,81792,,,
Q9BXR5,Q9BXR5,81793,,,
Q9H324,Q9H324,81794,,,
Q9H2Y9,Q9H2Y9,81796,,,
Q9UGF7,Q9UGF7,81797,,,
A0A0A0MS52,A0A0A0MS52,818,,,
Q8TAA9,Q8TAA9,81839,,,
Q9BRZ2,Q9BRZ2,81844,,,
Q86WG5,Q86WG5,81846,,,
Q9NTX7,Q9NTX7,81847,,,
Q9C004,Q9C004,81848,,,
Q9BVH7,Q9BVH7,81849,,,
Q8N823,Q8N823,81856,,,
Q71SY5,Q71SY5,81857,,,
Q9BPX5,Q9BPX5,81873,,,
Q9H9L3,Q9H9L3,81875,,,
Q9H0U4,Q9H0U4,81876,,,
Q9Y4W2,Q9Y4W2,81887,,,
Q5T013,Q5T013,81888,,,
Q6P587,Q6P587,81889,,,
Q92797,Q92797,8189,,,
Q9BXR0,Q9BXR0,81890,,,
Q96A46,Q96A46,81894,,,
Q16674,Q16674,8190,,,
Q16740,Q16740,8192,,,
Q96EE3,Q96EE3,81929,,,
Q8NI77,Q8NI77,81930,,,
Q6NS90,Q6NS90,81931,,,
Q9NPJ1,Q9NPJ1,8195,,,
P49913,P49913,820,,,
P43026,P43026,8200,,,
Q59EE8,Q59EE8,8202,,,
P48552,P48552,8204,,,
Q13112,Q13112,8208,,,
P27824,P27824,821,,,
P53675,P53675,8218,,,
V9HW69,V9HW69,822,,,
Q96DF8,Q96DF8,8220,,,
Q08623,Q08623,8226,,,
Q05DA9,Q05DA9,8227,,,
P41247,P41247,8228,,,
P07384,P07384,823,,,
P51784,P51784,8237,,,
Q93008,Q93008,8239,,,
Q59EF6,Q59EF6,824,,,
Q7Z3D7,Q7Z3D7,8241,,,
P41229,P41229,8242,,,
G8JLG1,G8JLG1,8243,,,
P20807,P20807,825,,,
P04632,P04632,826,,,
P41227,P41227,8260,,,
Q9Y6Q1,Q9Y6Q1,827,,,
Q14657,Q14657,8270,,,
P09131,P09131,8273,,,
B7Z7I0,B7Z7I0,8277,,,
Q9BY66,Q9BY66,8284,,,
O00507,O00507,8287,,,
P11678,P11678,8288,,,
O14497,O14497,8289,,,
P52907,P52907,829,,,
Q16695,Q16695,8290,,,
O75923,O75923,8291,,,
P62805,P62805,8294,,,
Q9Y4A5,Q9Y4A5,8295,,,
P47755,P47755,830,,,
O43908,O43908,8302,,,
Q99424,Q99424,8309,,,
Q86YM9,Q86YM9,831,,,
O15254,O15254,8310,,,
O15169,O15169,8312,,,
Q9Y2T1,Q9Y2T1,8313,,,
Q92560,Q92560,8314,,,
Q7Z569,Q7Z569,8315,,,
O00311,O00311,8317,,,
O75419,O75419,8318,,,
Q7L4N0,Q7L4N0,832,,,
O95936,O95936,8320,,,
Q9UP38,Q9UP38,8321,,,
Q9ULV1,Q9ULV1,8322,,,
O60353,O60353,8323,,,
O75084,O75084,8324,,,
Q9H461,Q9H461,8325,,,
Q9BZA8,Q9BZA8,83259,,,
O00144,O00144,8326,,,
Q5VTD9,Q5VTD9,8328,,,
P0C0S8,P0C0S8,8329,,,
P49589,P49589,833,,,
P0C0S8,P0C0S8,8330,,,
Q99878,Q99878,8331,,,
P0C0S8,P0C0S8,8332,,,
Q93077,Q93077,8334,,,
Q08AJ9,Q08AJ9,8335,,,
P0C0S8,P0C0S8,8336,,,
Q6FI13,Q6FI13,8337,,,
Q16777,Q16777,8338,,,
P62807,P62807,8339,,,
P29466,P29466,834,,,
Q99880,Q99880,8340,,,
Q9HB03,Q9HB03,83401,,,
Q99877,Q99877,8341,,,
Q96RD9,Q96RD9,83416,,,
Q99879,Q99879,8342,,,
P62807,P62807,8343,,,
Q9HCS4,Q9HCS4,83439,,,
P62807,P62807,8344,,,
Q9BRR6,Q9BRR6,83440,,,
Q9BWJ5,Q9BWJ5,83443,,,
Q9C086,Q9C086,83444,,,
Q9H0C2,Q9H0C2,83447,,,
Q9H0K6,Q9H0K6,83448,,,
Q93079,Q93079,8345,,,
Q8NFV4,Q8NFV4,83451,,,
Q9H082,Q9H082,83452,,,
P62807,P62807,8346,,,
Q9BW11,Q9BW11,83463,,,
Q8WW43,Q8WW43,83464,,,
P62807,P62807,8347,,,
Q8IYT4,Q8IYT4,83473,,,
Q9BU89,Q9BU89,83475,,,
Q5T1V6,Q5T1V6,83479,,,
P23527,P23527,8348,,,
Q9BZE2,Q9BZE2,83480,,,
Q9BWW7,Q9BWW7,83482,,,
Q9BX97,Q9BX97,83483,,,
Q16778,Q16778,8349,,,
P42575,P42575,835,,,
P68431,P68431,8350,,,
P68431,P68431,8351,,,
P68431,P68431,8352,,,
P68431,P68431,8353,,,
Q7L1S5,Q7L1S5,83539,,,
P68431,P68431,8354,,,
Q9BZD4,Q9BZD4,83540,,,
Q9BQI0,Q9BQI0,83543,,,
Q4LDG9,Q4LDG9,83544,,,
Q96NA2,Q96NA2,83547,,,
Q9HA47,Q9HA47,83549,,,
P68431,P68431,8355,,,
Q96P66,Q96P66,83550,,,
Q969N4,Q969N4,83551,,,
P68431,P68431,8356,,,
P68431,P68431,8357,,,
P68431,P68431,8358,,,
P62805,P62805,8359,,,
Q96JD6,Q96JD6,83592,,,
Q8WWW0,Q8WWW0,83593,,,
Q9BQG2,Q9BQG2,83594,,,
Q9BT81,Q9BT81,83595,,,
P42574,P42574,836,,,
P62805,P62805,8360,,,
P62805,P62805,8361,,,
P62805,P62805,8362,,,
P62805,P62805,8363,,,
P62805,P62805,8364,,,
Q9BTL3,Q9BTL3,83640,,,
P62805,P62805,8365,,,
H3BQI1,H3BQI1,83657,,,
Q9NP97,Q9NP97,83658,,,
Q969V4,Q969V4,83659,,,
P62805,P62805,8366,,,
Q9Y4G6,Q9Y4G6,83660,,,
Q8IXQ6,Q8IXQ6,83666,,,
P58004,P58004,83667,,,
P62805,P62805,8367,,,
P62805,P62805,8368,,,
Q99525,Q99525,8369,,,
Q96Q91,Q96Q91,83697,,,
P49662,P49662,837,,,
P62805,P62805,8370,,,
Q9BX67,Q9BX67,83700,,,
Q86UX7,Q86UX7,83706,,,
Q86TN4,Q86TN4,83707,,,
Q9BQI9,Q9BQI9,83714,,,
O43820,O43820,8372,,,
P58166,P58166,83729,,,
Q9BRS2,Q9BRS2,83732,,,
Q9H1K4,Q9H1K4,83733,,,
Q9H0Y0,Q9H0Y0,83734,,,
Q96J02,Q96J02,83737,,,
P0C5Z0,P0C5Z0,83740,,,
Q7Z6R9,Q7Z6R9,83741,,,
Q9BQ67,Q9BQ67,83743,,,
Q5JVG2,Q5JVG2,83744,,,
Q9BU35,Q9BU35,83752,,,
Q7RTX0,Q7RTX0,83756,,,
Q9BQ04,Q9BQ04,83759,,,
Q9Y6D9,Q9Y6D9,8379,,,
Q96T55,Q96T55,83795,,,
P51878,P51878,838,,,
P56597,P56597,8382,,,
Q9P1Q5,Q9P1Q5,8383,,,
Q9BXU7,Q9BXU7,83844,,,
Q17RD7,Q17RD7,83851,,,
Q96T68,Q96T68,83852,,,
Q9BXK1,Q9BXK1,83855,,,
Q5T9A4,Q5T9A4,83858,,,
P58170,P58170,8386,,,
Q5VWG9,Q5VWG9,83860,,,
P30953,P30953,8387,,,
B4DNC0,B4DNC0,83871,,,
Q96RW7,Q96RW7,83872,,,
Q9BZJ8,Q9BZJ8,83873,,,
Q9BYV7,Q9BYV7,83875,,,
P47887,P47887,8388,,,
Q9H1Z9,Q9H1Z9,83882,,,
Q9BXI2,Q9BXI2,83884,,,
Q9BQR3,Q9BQR3,83886,,,
Q9BWV7,Q9BWV7,83887,,,
Q9H3E2,Q9H3E2,83891,,,
Q9H3F6,Q9H3F6,83892,,,
P55212,P55212,839,,,
P47890,P47890,8390,,,
Q8TF76,Q8TF76,83903,,,
P47888,P47888,8392,,,
Q8N2I9,Q8N2I9,83931,,,
Q969S8,Q969S8,83933,,,
Q9H2L5,Q9H2L5,83937,,,
Q9BY44,Q9BY44,83939,,,
Q99755,Q99755,8394,,,
Q6P1N9,Q6P1N9,83940,,,
Q9BXA7,Q9BXA7,83942,,,
Q96T52,Q96T52,83943,,,
O14986,O14986,8395,,,
Q8WWV6,Q8WWV6,83953,,,
Q8NBS3,Q8NBS3,83959,,,
P78356,P78356,8396,,,
O60733,O60733,8398,,,
Q9BXA6,Q9BXA6,83983,,,
Q9H0X4,Q9H0X4,83986,,,
Q9H0W5,Q9H0W5,83987,,,
O15496,O15496,8399,,,
Q9BX63,Q9BX63,83990,,,
P55210,P55210,840,,,
Q1RMF8,Q1RMF8,84000,,,
Q9BYG0,Q9BYG0,84002,,,
Q6IBH0,Q6IBH0,8402,,,
O95416,O95416,8403,,,
Q5VST9,Q5VST9,84033,,,
O43791,O43791,8405,,,
Q9BW62,Q9BW62,84056,,,
Q8WXG9,Q8WXG9,84059,,,
Q9H0U3,Q9H0U3,84061,,,
Q0GE19,Q0GE19,84068,,,
Q9H0I9,Q9H0I9,84076,,,
Q8WVZ9,Q8WVZ9,84078,,,
O75385,O75385,8408,,,
Q9H0G5,Q9H0G5,84081,,,
Q9H0N0,Q9H0N0,84084,,,
Q8TB52,Q8TB52,84085,,,
Q14790,Q14790,841,,,
Q9H0F7,Q9H0F7,84100,,,
Q9H0E7,Q9H0E7,84101,,,
Q96JW4,Q96JW4,84102,,,
Q9H0N5,Q9H0N5,84105,,,
Q8N9L1,Q8N9L1,84107,,,
Q9BYE7,Q9BYE7,84108,,,
Q96P65,Q96P65,84109,,,
Q15075,Q15075,8411,,,
Q53GI3,Q53GI3,84124,,,
Q8WXE1,Q8WXE1,84126,,,
Q8IWA0,Q8IWA0,84128,,,
Q709F0,Q709F0,84129,,,
Q5JTW2,Q5JTW2,84131,,,
Q9H9J4,Q9H9J4,84132,,,
Q9ULT6,Q9ULT6,84133,,,
Q969M1,Q969M1,84134,,,
Q8TED0,Q8TED0,84135,,,
Q3B820,Q3B820,84140,,,
Q9H7Z6,Q9H7Z6,84148,,,
Q9UD71,Q9UD71,84152,,,
Q8TDP1,Q8TDP1,84153,,,
O76027,O76027,8416,,,
Q9H1I8,Q9H1I8,84164,,,
O15400,O15400,8417,,,
Q96JB6,Q96JB6,84171,,,
Q9H9Y6,Q9H9Y6,84172,,,
Q6UXD7,Q6UXD7,84179,,,
Q8TD26,Q8TD26,84181,,,
Q8N3Z6,Q8N3Z6,84186,,,
Q8WVX9,Q8WVX9,84188,,,
Q13515,Q13515,8419,,,
Q86TU7,Q86TU7,84193,,,
Q86UV5,Q86UV5,84196,,,
Q9H5K3,Q9H5K3,84197,,,
P55211,P55211,842,,,
Q6ZN04,Q6ZN04,84206,,,
Q5TYW2,Q5TYW2,84210,,,
V9HWE4,V9HWE4,84220,,,
Q6Q0C0,Q6Q0C0,84231,,,
Q9H061,Q9H061,84233,,,
Q8TEB9,Q8TEB9,84236,,,
Q4VNC1,Q4VNC1,84239,,,
O75936,O75936,8424,,,
Q8N567,Q8N567,84240,,,
Q9NUE0,Q9NUE0,84243,,,
Q9BV20,Q9BV20,84245,,,
Q9BTT4,Q9BTT4,84246,,,
Q9BQI7,Q9BQI7,84249,,,
Q8N2S1,Q8N2S1,8425,,,
Q8N5S9,Q8N5S9,84254,,,
Q8NCC5,Q8NCC5,84255,,,
Q9BTE7,Q9BTE7,84259,,,
Q9BT92,Q9BT92,84260,,,
Q5XUX1,Q5XUX1,84261,,,
Q9BT73,Q9BT73,84262,,,
Q6PII5,Q6PII5,84264,,,
Q9BT43,Q9BT43,84265,,,
Q9BT30,Q9BT30,84266,,,
Q9UDV7,Q9UDV7,8427,,,
Q5HYK3,Q5HYK3,84274,,,
Q9BSK2,Q9BSK2,84275,,,
Q9BSH3,Q9BSH3,84276,,,
Q96LL9,Q96LL9,84277,,,
Q9Y6E0,Q9Y6E0,8428,,,
D3DQW7,D3DQW7,84280,,,
Q8IUD6,Q8IUD6,84282,,,
Q9BSD7,Q9BSD7,84284,,,
Q8N9N8,Q8N9N8,84285,,,
Q969W1,Q969W1,84287,,,
Q8WYH8,Q8WYH8,84289,,,
Q96L46,Q96L46,84290,,,
Q9BRX9,Q9BRX9,84292,,,
Q9BRU9,Q9BRU9,84294,,,
Q9BRT9,Q9BRT9,84296,,,
Q9BRT3,Q9BRT3,84299,,,
Q92851,Q92851,843,,,
Q9BRT2,Q9BRT2,84300,,,
Q5TDH0,Q5TDH0,84301,,,
Q9BRQ6,Q9BRQ6,84303,,,
Q9BRP8,Q9BRP8,84305,,,
Q9BRP1,Q9BRP1,84306,,,
Q8NF99,Q8NF99,84307,,,
W4VSQ8,W4VSQ8,84309,,,
Q15466,Q15466,8431,,,
B4DEF8,B4DEF8,84311,,,
Q5PSV4,Q5PSV4,84312,,,
Q9BRG1,Q9BRG1,84313,,,
Q9BR77,Q9BR77,84318,,,
Q96J01,Q96J01,84321,,,
P82979,P82979,84324,,,
Q86SE9,Q86SE9,84333,,,
Q96B36,Q96B36,84335,,,
O95980,O95980,8434,,,
Q969S9,Q969S9,84340,,,
O75908,O75908,8435,,,
Q8N6H7,Q8N6H7,84364,,,
Q9BYG3,Q9BYG3,84365,,,
O95294,O95294,8437,,,
Q86VS8,Q86VS8,84376,,,
Q92698,Q92698,8438,,,
Q92636,Q92636,8439,,,
O43639,O43639,8440,,,
O15228,O15228,8443,,,
Q9BXL7,Q9BXL7,84433,,,
Q86SQ6,Q86SQ6,84435,,,
Q3MIS6,Q3MIS6,84436,,,
O43781,O43781,8444,,,
Q86YS3,Q86YS3,84440,,,
Q8IZL2,Q8IZL2,84441,,,
Q8TEK3,Q8TEK3,84444,,,
Q8TDC3,Q8TDC3,84446,,,
Q86TM6,Q86TM6,84447,,,
Q6H8Q1,Q6H8Q1,84448,,,
Q96JL9,Q96JL9,84449,,,
Q92630,Q92630,8445,,,
Q5TCX8,Q5TCX8,84451,,,
O75319,O75319,8446,,,
Q96JN8,Q96JN8,84461,,,
Q8IY92,Q8IY92,84464,,,
O60231,O60231,8449,,,
Q13620,Q13620,8450,,,
Q8WWL2,Q8WWL2,84501,,,
Q96JJ6,Q96JJ6,84502,,,
Q8NB42,Q8NB42,84503,,,
Q9C056,Q9C056,84504,,,
Q13619,Q13619,8451,,,
Q9UJA3,Q9UJA3,84515,,,
Q9BTE1,Q9BTE1,84516,,,
Q13618,Q13618,8452,,,
B4DP29,B4DP29,84527,,,
Q13617,Q13617,8453,,,
Q9NUB1,Q9NUB1,84532,,,
Q969V1,Q969V1,84539,,,
Q13616,Q13616,8454,,,
Q8NFY9,Q8NFY9,84541,,,
Q8N983,Q8N983,84545,,,
Q9BXY0,Q9BXY0,84549,,,
Q9BYG4,Q9BYG4,84552,,,
Q9H492,Q9H492,84557,,,
O15353,O15353,8456,,,
P47944,P47944,84560,,,
A0AV02,A0AV02,84561,,,
Q6UWQ5,Q6UWQ5,84569,,,
Q9UJJ9,Q9UJJ9,84572,,,
Q9UNY4,Q9UNY4,8458,,,
O60704,O60704,8459,,,
P41180,P41180,846,,,
O60507,O60507,8460,,,
Q9BYG5,Q9BYG5,84612,,,
Q8WYT0,Q8WYT0,84614,,,
Q9BUF5,Q9BUF5,84617,,,
Q9BXI3,Q9BXI3,84618,,,
O14901,O14901,8462,,,
Q96JF0,Q96JF0,84620,,,
Q96CW9,Q96CW9,84628,,,
Q15562,Q15562,8463,,,
Q5TCY1,Q5TCY1,84630,,,
Q969F8,Q969F8,84634,,,
Q9BXC1,Q9BXC1,84636,,,
Q8WWZ1,Q8WWZ1,84639,,,
B4E1H0,B4E1H0,8464,,,
Q8NB14,Q8NB14,84640,,,
Q8N4N8,Q8N4N8,84643,,,
Q9BX93,Q9BX93,84647,,,
Q96PD7,Q96PD7,84649,,,
Q9BXG8,Q9BXG8,84654,,,
Q9BY15,Q9BY15,84658,,,
Q9H1E1,Q9H1E1,84659,,,
Q9C005,Q9C005,84661,,,
Q9BZE0,Q9BZE0,84662,,,
Q9BYE0,Q9BYE0,84667,,,
Q8NFA0,Q8NFA0,84669,,,
O60264,O60264,8467,,,
Q96SE7,Q96SE7,84671,,,
Q9BX69,Q9BX69,84674,,,
Q9BYV6,Q9BYV6,84675,,,
Q969Q1,Q969Q1,84676,,,
Q8NHM5,Q8NHM5,84678,,,
A0A087WXD1,A0A087WXD1,84679,,,
O75344,O75344,8468,,,
Q96SB3,Q96SB3,84687,,,
Q8NCR6,Q8NCR6,84688,,,
Q96PE7,Q96PE7,84693,,,
Q969M2,Q969M2,84694,,,
P58215,P58215,84695,,,
Q96SE0,Q96SE0,84696,,,
Q68CJ9,Q68CJ9,84699,,,
P04040,P04040,847,,,
Q8IUG5,Q8IUG5,84700,,,
Q96KJ9,Q96KJ9,84701,,,
Q969Y2,Q969Y2,84705,,,
Q8TD30,Q8TD30,84706,,,
Q8TBB1,Q8TBB1,84708,,,
O14654,O14654,8471,,,
Q8TEQ8,Q8TEQ8,84720,,,
Q96JA3,Q96JA3,84725,,,
Q99619,Q99619,84727,,,
O15294,O15294,8473,,,
Q14781,Q14781,84733,,,
Q96KN2,Q96KN2,84735,,,
Q70CQ3,Q70CQ3,84749,,,
Q6P4F1,Q6P4F1,84750,,,
Q6UX72,Q6UX72,84752,,,
Q9BSM1,Q9BSM1,84759,,,
Q5VT25,Q5VT25,8476,,,
Q9BSK1,Q9BSK1,84765,,,
Q9BSW2,Q9BSW2,84766,,,
Q9BSJ1,Q9BSJ1,84767,,,
Q567V2,Q567V2,84769,,,
Q8IYL9,Q8IYL9,8477,,,
Q96SK3,Q96SK3,84775,,,
Q9BSU3,Q9BSU3,84779,,,
Q86Y97,Q86Y97,84787,,,
F5H5D3,F5H5D3,84790,,,
P78406,P78406,8480,,,
Q53EU6,Q53EU6,84803,,,
Q8NI38,Q8NI38,84807,,,
O75665,O75665,8481,,,
Q9BRD0,Q9BRD0,84811,,,
Q9BRC7,Q9BRC7,84812,,,
Q8NAC3,Q8NAC3,84818,,,
O75326,O75326,8482,,,
Q03252,Q03252,84823,,,
Q96IX5,Q96IX5,84833,,,
V9HW87,V9HW87,84836,,,
Q96IT1,Q96IT1,84838,,,
Q96IS3,Q96IS3,84839,,,
O60755,O60755,8484,,,
Q7RTV0,Q7RTV0,84844,,,
Q96A61,Q96A61,84851,,,
Q53GT1,Q53GT1,84861,,,
Q86TL3,Q86TL3,84867,,,
Q8N4T8,Q8N4T8,84869,,,
O14893,O14893,8487,,,
Q6ZMH4,Q6ZMH4,84873,,,
Q96K75,Q96K75,84874,,,
Q53GL7,Q53GL7,84875,,,
Q96D31,Q96D31,84876,,,
Q96K62,Q96K62,84878,,,
Q96GR4,Q96GR4,84885,,,
Q8TCT8,Q8TCT8,84888,,,
Q8WY07,Q8WY07,84889,,,
Q96SZ5,Q96SZ5,84890,,,
Q96SZ4,Q96SZ4,84891,,,
Q8NAT1,Q8NAT1,84892,,,
Q8NFZ0,Q8NFZ0,84893,,,
O15539,O15539,8490,,,
Q96ST8,Q96ST8,84902,,,
Q8N6M6,Q8N6M6,84909,,,
Q8IVH8,Q8IVH8,8491,,,
Q96SR6,Q96SR6,84911,,,
Q969S0,Q969S0,84912,,,
Q96SQ7,Q96SQ7,84913,,,
Q96SQ5,Q96SQ5,84914,,,
Q969X6,Q969X6,84916,,,
Q96I80,Q96I80,8492,,,
Q5BKT4,Q5BKT4,84920,,,
Q969W8,Q969W8,84924,,,
Q96SL1,Q96SL1,84925,,,
O15297,O15297,8493,,,
Q96GX5,Q96GX5,84930,,,
Q8WUD1,Q8WUD1,84932,,,
Q8ND25,Q8ND25,84937,,,
Q96DT6,Q96DT6,84938,,,
Q6QEF8,Q6QEF8,84940,,,
Q96JY0,Q96JY0,84944,,,
Q7L211,Q7L211,84945,,,
Q96GA3,Q96GA3,84946,,,
Q8NAV1,Q8NAV1,84950,,,
Q8IZW8,Q8IZW8,84951,,,
Q969Z4,Q969Z4,84957,,,
Q8IYJ3,Q8IYJ3,84958,,,
Q8TF42,Q8TF42,84959,,,
Q96IG2,Q96IG2,84961,,,
Q96IF1,Q96IF1,84962,,,
Q3KRA9,Q3KRA9,84964,,,
Q86TL0,Q86TL0,84971,,,
Q9H6Z4,Q9H6Z4,8498,,,
Q96LK0,Q96LK0,84984,,,
Q96I36,Q96I36,84987,,,
Q96I34,Q96I34,84988,,,
Q96I25,Q96I25,84991,,,
Q3MUY2,Q3MUY2,84992,,,
Q96A58,Q96A58,85004,,,
Q8IUZ5,Q8IUZ5,85007,,,
O75387,O75387,8501,,,
Q70EL2,Q70EL2,85015,,,
Q92569,Q92569,8503,,,
P56589,P56589,8504,,,
Q86W56,Q86W56,8505,,,
P78357,P78357,8506,,,
Q53XS2,Q53XS2,8507,,,
P52849,P52849,8509,,,
O75900,O75900,8510,,,
P07098,P07098,8513,,,
Q13303,Q13303,8514,,,
O75578,O75578,8515,,,
B4DN28,B4DN28,8516,,,
Q9Y6K9,Q9Y6K9,8517,,,
Q8N516,Q8N516,8518,,,
P13164,P13164,8519,,,
O14929,O14929,8520,,,
O60861,O60861,8522,,,
Q96KK5,Q96KK5,85235,,,
O60814,O60814,85236,,,
Q13574,Q13574,8525,,,
P52429,P52429,8526,,,
Q16760,Q16760,8527,,,
Q99489,Q99489,8528,,,
P78329,P78329,8529,,,
O76096,O76096,8530,,,
Q86WG3,Q86WG3,85300,,,
Q8IZC6,Q8IZC6,85301,,,
Q8TES7,Q8TES7,85302,,,
P16989,P16989,8531,,,
Q8WUA2,Q8WUA2,85313,,,
Q66K79,Q66K79,8532,,,
Q96J66,Q96J66,85320,,,
Q96DT0,Q96DT0,85329,,,
Q9UNS2,Q9UNS2,8533,,,
O43916,O43916,8534,,,
O00257,O00257,8535,,,
Q9BYB0,Q9BYB0,85358,,,
Q14012,Q14012,8536,,,
Q9C035,Q9C035,85363,,,
Q9H553,Q9H553,85365,,,
Q9H1R3,Q9H1R3,85366,,,
Q96RT7,Q96RT7,85378,,,
Q9UMQ3,Q9UMQ3,8538,,,
P57771,P57771,85397,,,
O00116,O00116,8540,,,
Q96JC9,Q96JC9,85403,,,
Q6Y2X3,Q6Y2X3,85406,,,
Q969G9,Q969G9,85407,,,
Q969F2,Q969F2,85409,,,
Q86VW1,Q86VW1,85413,,,
Q96JT2,Q96JT2,85414,,,
Q96T25,Q96T25,85416,,,
Q8WWL7,Q8WWL7,85417,,,
O14791,O14791,8542,,,
Q8TBF4,Q8TBF4,85437,,,
O00625,O00625,8544,,,
Q9C098,Q9C098,85443,,,
Q9C099,Q9C099,85444,,,
Q9C0A1,Q9C0A1,85446,,,
Q86VY4,Q86VY4,85453,,,
O00203,O00203,8546,,,
Q9C0D7,Q9C0D7,85463,,,
Q76I76,Q76I76,85464,,,
Q9C0D9,Q9C0D9,85465,,,
O75636,O75636,8547,,,
Q6XYB7,Q6XYB7,85474,,,
Q96RP9,Q96RP9,85476,,,
Q9Y6U3,Q9Y6U3,85477,,,
Q9UF47,Q9UF47,85479,,,
Q969D9,Q969D9,85480,,,
Q96QS6,Q96QS6,85481,,,
O75473,O75473,8549,,,
Q8IW41,Q8IW41,8550,,,
Q9NQ03,Q9NQ03,85508,,,
Q6IB83,Q6IB83,8553,,,
O75925,O75925,8554,,,
O60729,O60729,8555,,,
Q9UNH5,Q9UNH5,8556,,,
Q15131,Q15131,8558,,,
Q99633,Q99633,8559,,,
O15121,O15121,8560,,,
Q13769,Q13769,8563,,,
O15229,O15229,8564,,,
P54577,P54577,8565,,,
V9HWC3,V9HWC3,8566,,,
P56182,P56182,8568,,,
Q9BUB5,Q9BUB5,8569,,,
Q59E85,Q59E85,857,,,
Q92945,Q92945,8570,,,
O14936,O14936,8573,,,
V9HWA2,V9HWA2,8574,,,
O75716,O75716,8576,,,
P51636,P51636,858,,,
Q14210,Q14210,8581,,,
P56539,P56539,859,,,
O95222,O95222,8590,,,
O96019,O96019,86,,,
Q13950,Q13950,860,,,
Q5T9Y4,Q5T9Y4,8600,,,
O76081,O76081,8601,,,
P78316,P78316,8602,,,
O75746,O75746,8604,,,
Q9UP65,Q9UP65,8605,,,
Q9Y265,Q9Y265,8607,,,
O75452,O75452,8608,,,
O75840,O75840,8609,,,
Q01196,Q01196,861,,,
O14494,O14494,8611,,,
O43688,O43688,8612,,,
O14495,O14495,8613,,,
Q06455,Q06455,862,,,
O15130,O15130,8620,,,
Q9BVE2,Q9BVE2,8621,,,
O95263,O95263,8622,,,
O14593,O14593,8625,,,
Q9H3D4,Q9H3D4,8626,,,
O14756,O14756,8630,,,
V9HW03,V9HW03,8631,,,
O95185,O95185,8633,,,
O00442,O00442,8634,,,
O00584,O00584,8635,,,
O43805,O43805,8636,,,
O60516,O60516,8637,,,
Q15646,Q15646,8638,,,
Q9UEU7,Q9UEU7,8639,,,
Q13761,Q13761,864,,,
Q9UN71,Q9UN71,8641,,,
Q96JQ0,Q96JQ0,8642,,,
Q9Y6C5,Q9Y6C5,8643,,,
P42330,P42330,8644,,,
O95279,O95279,8645,,,
Q9H2X0,Q9H2X0,8646,,,
O95342,O95342,8647,,,
Q15788,Q15788,8648,,,
Q9UHA4,Q9UHA4,8649,,,
P49757,P49757,8650,,,
Q4JHT5,Q4JHT5,8651,,,
O15523,O15523,8653,,,
O76074,O76074,8654,,,
Q6FGH9,Q6FGH9,8655,,,
O95271,O95271,8658,,,
P30038,P30038,8659,,,
P08185,P08185,866,,,
Q9Y4H2,Q9Y4H2,8660,,,
Q14152,Q14152,8661,,,
P55884,P55884,8662,,,
Q99613,Q99613,8663,,,
O15371,O15371,8664,,,
O00303,O00303,8665,,,
O75821,O75821,8666,,,
Q6IB98,Q6IB98,8667,,,
Q5U0F4,Q5U0F4,8668,,,
O75822,O75822,8669,,,
P22681,P22681,867,,,
Q9Y6R1,Q9Y6R1,8671,,,
Q59GJ0,Q59GJ0,8672,,,
Q9BV40,Q9BV40,8673,,,
O75379,O75379,8674,,,
O14662,O14662,8675,,,
O75558,O75558,8676,,,
X6R2W0,X6R2W0,8677,,,
Q14457,Q14457,8678,,,
Q13191,Q13191,868,,,
P0C869,P0C869,8681,,,
Q13242,Q13242,8683,,,
Q9UEW3,Q9UEW3,8685,,,
O76015,O76015,8687,,,
O76014,O76014,8688,,,
O76013,O76013,8689,,,
Q12891,Q12891,8692,,,
Q8N4A0,Q8N4A0,8693,,,
O75907,O75907,8694,,,
Q9UJX2,Q9UJX2,8697,,,
O95977,O95977,8698,,,
P12814,P12814,87,,,
Q96NT7,Q96NT7,8701,,,
O60513,O60513,8702,,,
O60512,O60512,8703,,,
O60909,O60909,8704,,,
Q5STJ7,Q5STJ7,8705,,,
Q8TDY1,Q8TDY1,8706,,,
O43825,O43825,8707,,,
Q9Y5Z6,Q9Y5Z6,8708,,,
P50454,P50454,871,,,
O75635,O75635,8710,,,
Q13470,Q13470,8711,,,
Q86VN9,Q86VN9,8714,,,
Q15628,Q15628,8717,,,
Q8TCS8,Q8TCS8,87178,,,
Q93038,Q93038,8718,,,
Q14703,Q14703,8720,,,
O60869,O60869,8721,,,
Q9UBX1,Q9UBX1,8722,,,
O95219,O95219,8723,,,
O94763,O94763,8725,,,
O75530,O75530,8726,,,
Q9H013,Q9H013,8728,,,
Q92538,Q92538,8729,,,
P16152,P16152,873,,,
O43148,O43148,8731,,,
Q7Z3R6,Q7Z3R6,8732,,,
O43292,O43292,8733,,,
Q9UKX3,Q9UKX3,8735,,,
Q13546,Q13546,8737,,,
Q53XL1,Q53XL1,8738,,,
O00198,O00198,8739,,,
V9HW40,V9HW40,874,,,
O43557,O43557,8740,,,
Q2QBA2,Q2QBA2,8741,,,
Q4ACW9,Q4ACW9,8742,,,
P50591,P50591,8743,,,
P41273,P41273,8744,,,
O75077,O75077,8745,,,
Q9UKJ8,Q9UKJ8,8747,,,
O43506,O43506,8748,,,
Q9Y3Q7,Q9Y3Q7,8749,,,
Q9NTF0,Q9NTF0,875,,,
Q13444,Q13444,8751,,,
Q13443,Q13443,8754,,,
Q9H2U9,Q9H2U9,8756,,,
O95674,O95674,8760,,,
Q13310,Q13310,8761,,,
Q04900,Q04900,8763,,,
P62491,P62491,8766,,,
O43353,O43353,8767,,,
O95407,O95407,8771,,,
Q13158,Q13158,8772,,,
O00161,O00161,8773,,,
P54920,P54920,8775,,,
Q13613,Q13613,8776,,,
O75970,O75970,8777,,,
O15389,O15389,8778,,,
O14730,O14730,8780,,,
Q9Y5U5,Q9Y5U5,8784,,,
O94810,O94810,8786,,,
O75916,O75916,8787,,,
O00757,O00757,8789,,,
O14772,O14772,8790,,,
Q9Y6Q6,Q9Y6Q6,8792,,,
Q9UBN6,Q9UBN6,8793,,,
O14798,O14798,8794,,,
Q7Z2I8,Q7Z2I8,8795,,,
O00220,O00220,8797,,,
D3JEN2,D3JEN2,8798,,,
O96011,O96011,8799,,,
P35609,P35609,88,,,
O75192,O75192,8800,,,
Q96I99,Q96I99,8801,,,
P53597,P53597,8802,,,
Q9Y4T0,Q9Y4T0,8803,,,
O15164,O15164,8805,,,
O95256,O95256,8807,,,
Q9HB29,Q9HB29,8808,,,
Q13478,Q13478,8809,,,
O43603,O43603,8811,,,
O60762,O60762,8813,,,
J3KMW1,J3KMW1,8814,,,
Q96JK2,Q96JK2,8816,,,
O76093,O76093,8817,,,
O94777,O94777,8818,,,
O75446,O75446,8819,,,
Q9UBX0,Q9UBX0,8820,,,
O15327,O15327,8821,,,
O60258,O60258,8822,,,
O43320,O43320,8823,,,
O00748,O00748,8824,,,
P46940,P46940,8826,,,
Q7Z3T9,Q7Z3T9,8828,,,
Q68DN3,Q68DN3,8829,,,
Q16773,Q16773,883,,,
Q96PV0,Q96PV0,8831,,,
Q9UIB8,Q9UIB8,8832,,,
P49915,P49915,8833,,,
O14508,O14508,8835,,,
Q92820,Q92820,8836,,,
O15519,O15519,8837,,,
O15379,O15379,8841,,,
O43490,O43490,8842,,,
P49019,P49019,8843,,,
Q8IVT5,Q8IVT5,8844,,,
Q5XKL0,Q5XKL0,8846,,,
Q6FG82,Q6FG82,885,,,
Q92831,Q92831,8850,,,
Q8N619,Q8N619,8851,,,
Q5JQC9,Q5JQC9,8852,,,
O43150,O43150,8853,,,
O94788,O94788,8854,,,
O75469,O75469,8856,,,
P49842,P49842,8859,,,
P32238,P32238,886,,,
Q86U70,Q86U70,8861,,,
Q9ULZ1,Q9ULZ1,8862,,,
P56645,P56645,8863,,,
O15055,O15055,8864,,,
O43426,O43426,8867,,,
Q9UNP4,Q9UNP4,8869,,,
P32239,P32239,887,,,
Q14155,Q14155,8874,,,
Q96EU6,Q96EU6,88745,,,
O95498,O95498,8875,,,
O95497,O95497,8876,,,
Q9NYA1,Q9NYA1,8877,,,
Q13501,Q13501,8878,,,
O95470,O95470,8879,,,
Q96AE4,Q96AE4,8880,,,
Q13042,Q13042,8881,,,
O75312,O75312,8882,,,
Q13564,Q13564,8883,,,
Q9Y289,Q9Y289,8884,,,
Q9NVP1,Q9NVP1,8886,,,
O00522,O00522,889,,,
Q9UI10,Q9UI10,8890,,,
Q9NR50,Q9NR50,8891,,,
Q53XC2,Q53XC2,8892,,,
Q13144,Q13144,8893,,,
Q6IBR8,Q6IBR8,8894,,,
P41223,P41223,8896,,,
Q13615,Q13615,8897,,,
Q13614,Q13614,8898,,,
Q13523,Q13523,8899,,,
Q08043,Q08043,89,,,
P20248,P20248,890,,,
P78396,P78396,8900,,,
F6SFB5,F6SFB5,8905,,,
Q86U03,Q86U03,8906,,,
Q9BXS5,Q9BXS5,8907,,,
O15488,O15488,8908,,,
P21128,P21128,8909,,,
P14635,P14635,891,,,
Q9P0X4,Q9P0X4,8911,,,
O95180,O95180,8912,,,
Q9C037,Q9C037,89122,,,
O43497,O43497,8913,,,
Q9UNS1,Q9UNS1,8914,,,
O95999,O95999,8915,,,
Q15034,Q15034,8916,,,
Q7Z4L3,Q7Z4L3,892,,,
O95714,O95714,8924,,,
Q15751,Q15751,8925,,,
O75593,O75593,8928,,,
Q99453,Q99453,8929,,,
O95243,O95243,8930,,,
Q9UBB5,Q9UBB5,8932,,,
Q6FGU7,Q6FGU7,8934,,,
Q92558,Q92558,8936,,,
O94812,O94812,8938,,,
Q96I24,Q96I24,8939,,,
P30279,P30279,894,,,
O95985,O95985,8940,,,
Q16719,Q16719,8942,,,
O14617,O14617,8943,,,
Q68DS0,Q68DS0,8945,,,
P30281,P30281,896,,,
P68431,P68431,8968,,,
P0C0S8,P0C0S8,8969,,,
P06899,P06899,8970,,,
Q92522,Q92522,8971,,,
O43451,O43451,8972,,,
Q15825,Q15825,8973,,,
O15460,O15460,8974,,,
Q92995,Q92995,8975,,,
O00401,O00401,8976,,,
Q96P63,Q96P63,89777,,,
Q96P15,Q96P15,89778,,,
P56704,P56704,89780,,,
Q96KR4,Q96KR4,89782,,,
Q96LC7,Q96LC7,89790,,,
Q96A11,Q96A11,89792,,,
Q8NEY1,Q8NEY1,89796,,,
Q8IVL1,Q8IVL1,89797,,,
P24864,P24864,898,,,
Q6ZSY5,Q6ZSY5,89801,,,
Q96T54,Q96T54,89822,,,
Q5T3U5,Q5T3U5,89845,,,
Q5JSP0,Q5JSP0,89846,,,
Q9H7Q5,Q9H7Q5,89849,,,
Q9UG85,Q9UG85,8985,,,
Q9H7P6,Q9H7P6,89853,,,
Q8WZ60,Q8WZ60,89857,,,
Q96PQ1,Q96PQ1,89858,,,
O75676,O75676,8986,,,
Q86YW0,Q86YW0,89869,,,
Q9C019,Q9C019,89870,,,
Q96PS8,Q96PS8,89872,,,
Q9BQT8,Q9BQT8,89874,,,
Q6ICS9,Q6ICS9,8988,,,
Q969G2,Q969G2,89884,,,
O75762,O75762,8989,,,
Q86V97,Q86V97,89890,,,
Q59HD0,Q59HD0,899,,,
Q13228,Q13228,8991,,,
Q7Z3V4,Q7Z3V4,89910,,,
O15342,O15342,8992,,,
O75594,O75594,8993,,,
Q9UGP4,Q9UGP4,8994,,,
Q8IXI1,Q8IXI1,89941,,,
Q9UNG2,Q9UNG2,8995,,,
Q9NSK0,Q9NSK0,89953,,,
O60229,O60229,8997,,,
Q7L8W6,Q7L8W6,89978,,,
Q92772,Q92772,8999,,,
P18440,P18440,9,,,
Q04771,Q04771,90,,,
P51959,P51959,900,,,
P54257,P54257,9001,,,
Q96RI0,Q96RI0,9002,,,
P17039,P17039,90075,,,
Q16589,Q16589,901,,,
Q969E8,Q969E8,90121,,,
Q15572,Q15572,9013,,,
Q9NS40,Q9NS40,90134,,,
Q96KE9,Q96KE9,90135,,,
Q96SJ8,Q96SJ8,90139,,,
Q53T94,Q53T94,9014,,,
Q15573,Q15573,9015,,,
O95258,O95258,9016,,,
Q96MM7,Q96MM7,90161,,,
O95297,O95297,9019,,,
Q99558,Q99558,9020,,,
Q8WY78,Q8WY78,90203,,,
Q6FI39,Q6FI39,9021,,,
O95833,O95833,9022,,,
Q96RP3,Q96RP3,90226,,,
O95992,O95992,9023,,,
Q7Z340,Q7Z340,90233,,,
Q8IWQ3,Q8IWQ3,9024,,,
Q6ZN44,Q6ZN44,90249,,,
O76064,O76064,9025,,,
Q96BN8,Q96BN8,90268,,,
Q3KPI0,Q3KPI0,90273,,,
O75783,O75783,9028,,,
Q9P2N7,Q9P2N7,90293,,,
Q9UIG0,Q9UIG0,9031,,,
Q8IUE1,Q8IUE1,90316,,,
Q08AN1,Q08AN1,90317,,,
Q5HY98,Q5HY98,90321,,,
Q9P0L9,Q9P0L9,9033,,,
Q5VIY5,Q5VIY5,90333,,,
Q9HCG1,Q9HCG1,90338,,,
O00421,O00421,9034,,,
Q7Z7A3,Q7Z7A3,90353,,,
X5DR95,X5DR95,9037,,,
Q66K64,Q66K64,90379,,,
O14804,O14804,9038,,,
Q8TBC4,Q8TBC4,9039,,,
Q96HR3,Q96HR3,90390,,,
O60563,O60563,904,,,
P61081,P61081,9040,,,
Q8IY31,Q8IY31,90410,,,
Q96A05,Q96A05,90423,,,
Q96LC9,Q96LC9,90427,,,
Q8N6J1,Q8N6J1,9044,,,
Q969S3,Q969S3,90441,,,
P50914,P50914,9045,,,
Q8IV48,Q8IV48,90459,,,
Q5UBZ2,Q5UBZ2,9047,,,
O00170,O00170,9049,,,
O60583,O60583,905,,,
Q96FV2,Q96FV2,90507,,,
O43586,O43586,9051,,,
Q8NFJ5,Q8NFJ5,9052,,,
Q1HG43,Q1HG43,90527,,,
Q14244,Q14244,9053,,,
Q9Y697,Q9Y697,9054,,,
O43663,O43663,9055,,,
Q9UM01,Q9UM01,9056,,,
Q92536,Q92536,9057,,,
Q96GE5,Q96GE5,90576,,,
Q13183,Q13183,9058,,,
Q9H0M5,Q9H0M5,90592,,,
Q8NDP4,Q8NDP4,90594,,,
O95340,O95340,9060,,,
Q6IAX6,Q6IAX6,9061,,,
D6RBV5,D6RBV5,90624,,,
O75928,O75928,9063,,,
Q49B96,Q49B96,90639,,,
O95382,O95382,9064,,,
Q96H40,Q96H40,90649,,,
Q8IUE0,Q8IUE0,90655,,,
Q9BQ87,Q9BQ87,90665,,,
Q9H7J1,Q9H7J1,90673,,,
Q6UWE0,Q6UWE0,90678,,,
Q9UBL3,Q9UBL3,9070,,,
K7EJQ7,K7EJQ7,90701,,,
P78369,P78369,9071,,,
P56748,P56748,9073,,,
P56747,P56747,9074,,,
P57739,P57739,9075,,,
O95832,O95832,9076,,,
O95661,O95661,9077,,,
Q96GE4,Q96GE4,90799,,,
P40227,P40227,908,,,
O95484,O95484,9080,,,
Q5VTE6,Q5VTE6,90806,,,
Q86T03,Q86T03,90809,,,
Q96JC4,Q96JC4,90827,,,
Q9Y6F8,Q9Y6F8,9085,,,
Q6ZMY3,Q6ZMY3,90853,,,
O14602,O14602,9086,,,
Q6PJ21,Q6PJ21,90864,,,
O95760,O95760,90865,,,
O14604,O14604,9087,,,
Q99640,Q99640,9088,,,
P06126,P06126,909,,,
Q9BRB3,Q9BRB3,9091,,,
O43290,O43290,9092,,,
Q96EY1,Q96EY1,9093,,,
Q8WV44,Q8WV44,90933,,,
O60806,O60806,9095,,,
Q96AP7,Q96AP7,90952,,,
Q7Z695,Q7Z695,90956,,,
Q8N4U2,Q8N4U2,90957,,,
O95935,O95935,9096,,,
P54578,P54578,9097,,,
P35125,P35125,9098,,,
Q9BRH9,Q9BRH9,90987,,,
O75604,O75604,9099,,,
Q96AC6,Q96AC6,90990,,,
Q96BA8,Q96BA8,90993,,,
P36896,P36896,91,,,
P29016,P29016,910,,,
Q14694,Q14694,9100,,,
P40818,P40818,9101,,,
Q8N5B7,Q8N5B7,91012,,,
P31995,P31995,9103,,,
Q86TI2,Q86TI2,91039,,,
Q15493,Q15493,9104,,,
Q2VPB7,Q2VPB7,91056,,,
Q96HJ3,Q96HJ3,91057,,,
Q9Y217,Q9Y217,9107,,,
Q9Y216,Q9Y216,9108,,,
P29017,P29017,911,,,
Q9NYA4,Q9NYA4,9110,,,
Q96LD4,Q96LD4,91107,,,
Q9BRL8,Q9BRL8,9112,,,
B3KUX2,B3KUX2,91120,,,
O95835,O95835,9113,,,
Q96AG3,Q96AG3,91137,,,
P61421,P61421,9114,,,
Q5HYA8,Q5HYA8,91147,,,
Q9BRL7,Q9BRL7,9117,,,
Q16352,Q16352,9118,,,
Q5VU65,Q5VU65,91181,,,
O95678,O95678,9119,,,
P15813,P15813,912,,,
O15403,O15403,9120,,,
O15375,O15375,9121,,,
O15374,O15374,9122,,,
O15427,O15427,9123,,,
Q92600,Q92600,9125,,,
Q96H72,Q96H72,91252,,,
Q9UQE7,Q9UQE7,9126,,,
O15547,O15547,9127,,,
Q5T1M7,Q5T1M7,9128,,,
O43395,O43395,9129,,,
P15812,P15812,913,,,
Q14320,Q14320,9130,,,
O95831,O95831,9131,,,
Q96Q80,Q96Q80,91319,,,
P56696,P56696,9132,,,
O95067,O95067,9133,,,
O96020,O96020,9134,,,
Q15276,Q15276,9135,,,
O43818,O43818,9136,,,
Q3KQV9,Q3KQV9,91373,,,
Q92888,Q92888,9138,,,
Q53F96,Q53F96,914,,,
O94817,O94817,9140,,,
Q96K17,Q96K17,91408,,,
O14737,O14737,9141,,,
Q9Y6H3,Q9Y6H3,91419,,,
Q9BTP7,Q9BTP7,91442,,,
Q96GF1,Q96GF1,91445,,,
O14964,O14964,9146,,,
Q504Y2,Q504Y2,91461,,,
O76050,O76050,9148,,,
Q9Y463,Q9Y463,9149,,,
P04234,P04234,915,,,
Q9Y5B0,Q9Y5B0,9150,,,
Q9Y345,Q9Y345,9152,,,
Q8N8A2,Q8N8A2,91526,,,
Q53H72,Q53H72,9153,,,
B7Z3L6,B7Z3L6,9154,,,
Q8WXG1,Q8WXG1,91543,,,
Q9UQ84,Q9UQ84,9156,,,
Q16549,Q16549,9159,,,
P07766,P07766,916,,,
Q96NB3,Q96NB3,91603,,,
Q96S79,Q96S79,91608,,,
O75912,O75912,9162,,,
Q587J7,Q587J7,91646,,,
Q8N5M1,Q8N5M1,91647,,,
Q7L2R6,Q7L2R6,91661,,,
Q96IR2,Q96IR2,91664,,,
Q6FGA0,Q6FGA0,9167,,,
P63313,P63313,9168,,,
Q8N0S6,Q8N0S6,91687,,,
P09693,P09693,917,,,
Q9HBW0,Q9HBW0,9170,,,
Q96HD9,Q96HD9,91703,,,
Q01638,Q01638,9173,,,
Q9BXS1,Q9BXS1,91734,,,
Q5TF39,Q5TF39,91749,,,
O43283,O43283,9175,,,
Q8TD19,Q8TD19,91754,,,
O95264,O95264,9177,,,
Q8WUX9,Q8WUX9,91782,,,
O00189,O00189,9179,,,
Q99650,Q99650,9180,,,
Q96BT7,Q96BT7,91801,,,
Q32MK0,Q32MK0,91807,,,
Q92974,Q92974,9181,,,
O75901,O75901,9182,,,
O43264,O43264,9183,,,
O43684,O43684,9184,,,
Q96AA3,Q96AA3,91869,,,
B4DUG1,B4DUG1,9187,,,
Q9NR30,Q9NR30,9188,,,
P20963,P20963,919,,,
O60669,O60669,9194,,,
Q8N183,Q8N183,91942,,,
O43448,O43448,9196,,,
O00400,O00400,9197,,,
Q96RE9,Q96RE9,91975,,,
Q6ZTW0,Q6ZTW0,91978,,,
P27037,P27037,92,,,
P01730,P01730,920,,,
B0YJ81,B0YJ81,9200,,,
O15075,O15075,9201,,,
Q8TEQ0,Q8TEQ0,92017,,,
P06127,P06127,921,,,
O95972,O95972,9210,,,
Q86WT1,Q86WT1,92104,,,
Q96HW7,Q96HW7,92105,,,
Q96GD4,Q96GD4,9212,,,
X5DR28,X5DR28,9215,,,
O95292,O95292,9217,,,
Q9P0L0,Q9P0L0,9218,,,
O94776,O94776,9219,,,
Q96JP9,Q96JP9,92211,,,
Q96QZ7,Q96QZ7,9223,,,
Q5VZP5,Q5VZP5,92235,,,
Q6JBY9,Q6JBY9,92241,,,
P82909,P82909,92259,,,
O95237,O95237,9227,,,
Q8TAF7,Q8TAF7,92283,,,
Q52M93,Q52M93,92285,,,
O14490,O14490,9229,,,
Q6MZZ7,Q6MZZ7,92291,,,
Q8N3T6,Q8N3T6,92293,,,
P30203,P30203,923,,,
Q15907,Q15907,9230,,,
A1L020,A1L020,92312,,,
Q6IAL9,Q6IAL9,9232,,,
Q86YC8,Q86YC8,92335,,,
Q96HR8,Q96HR8,92345,,,
Q9BUF7,Q9BUF7,92359,,,
Q96A44,Q96A44,92369,,,
Q96E11,Q96E11,92399,,,
Q29VG3,Q29VG3,924,,,
Q13253,Q13253,9241,,,
O60682,O60682,9242,,,
Q96CF2,Q96CF2,92421,,,
O95395,O95395,9245,,,
O14933,O14933,9246,,,
Q13585,Q13585,9248,,,
A8MTZ0,A8MTZ0,92482,,,
Q9BYZ2,Q9BYZ2,92483,,,
O75911,O75911,9249,,,
Q8TAW8,Q8TAW8,925,,,
Q9UG98,Q9UG98,9252,,,
Q9Y6R0,Q9Y6R0,9253,,,
Q9NY47,Q9NY47,9254,,,
Q12904,Q12904,9255,,,
Q9H3M9,Q9H3M9,92552,,,
Q6ZP65,Q6ZP65,92558,,,
Q9BUM1,Q9BUM1,92579,,,
Q96NS5,Q96NS5,92591,,,
Q96H86,Q96H86,92595,,,
Q7L9L4,Q7L9L4,92597,,,
P10966,P10966,926,,,
Q3ZCQ8,Q3ZCQ8,92609,,,
P49137,P49137,9261,,,
Q53QE7,Q53QE7,9262,,,
Q9UEE5,Q9UEE5,9263,,,
O43739,O43739,9265,,,
Q99418,Q99418,9266,,,
Q9BQP7,Q9BQP7,92667,,,
Q15438,Q15438,9267,,,
Q8TEA8,Q8TEA8,92675,,,
Q96J94,Q96J94,9271,,,
Q9BTV6,Q9BTV6,92715,,,
Q8WUX1,Q8WUX1,92745,,,
P35606,P35606,9276,,,
O15213,O15213,9277,,,
O15209,O15209,9278,,,
Q8NG08,Q8NG08,92797,,,
P21926,P21926,928,,,
Q7L7L0,Q7L7L0,92815,,,
O60244,O60244,9282,,,
O60883,O60883,9283,,,
Q96HR9,Q96HR9,92840,,,
Q96G21,Q96G21,92856,,,
Q9P1P5,Q9P1P5,9287,,,
Q9Y653,Q9Y653,9289,,,
P08571,P08571,929,,,
Q9Y2T6,Q9Y2T6,9290,,,
Q8WVV9,Q8WVV9,92906,,,
Q8WVN8,Q8WVN8,92912,,,
Q96A19,Q96A19,92922,,,
Q9Y2T5,Q9Y2T5,9293,,,
Q96GW9,Q96GW9,92935,,,
O95136,O95136,9294,,,
Q05519,Q05519,9295,,,
Q16864,Q16864,9296,,,
Q96HA9,Q96HA9,92960,,,
Q8N9T1,Q8N9T1,92979,,,
Q9UFB7,Q9UFB7,92999,,,
Q13705,Q13705,93,,,
P15391,P15391,930,,,
Q8NFL0,Q8NFL0,93010,,,
Q96P26,Q96P26,93034,,,
Q96MF6,Q96MF6,93058,,,
O14544,O14544,9306,,,
Q01151,Q01151,9308,,,
Q96EH8,Q96EH8,93082,,,
P11836,P11836,931,,,
Q14590,Q14590,9310,,,
Q6XQN6,Q6XQN6,93100,,,
Q8TDN1,Q8TDN1,93107,,,
Q9UHC3,Q9UHC3,9311,,,
Q92953,Q92953,9312,,,
Q9BRQ5,Q9BRQ5,93129,,,
O60882,O60882,9313,,,
Q8N587,Q8N587,93134,,,
O43474,O43474,9314,,,
Q96BW5,Q96BW5,9317,,,
Q59EL2,Q59EL2,9318,,,
Q9H3S5,Q9H3S5,93183,,,
Q969P0,Q969P0,93185,,,
Q14669,Q14669,9320,,,
Q15642,Q15642,9322,,,
Q15651,Q15651,9324,,,
Q9Y5Q8,Q9Y5Q8,9328,,,
Q9UKN8,Q9UKN8,9329,,,
P20273,P20273,933,,,
Q9Y5Q9,Q9Y5Q9,9330,,,
Q9UBX8,Q9UBX8,9331,,,
Q86VB7,Q86VB7,9332,,,
Q9BT25,Q9BT25,93323,,,
O43548,O43548,9333,,,
O43286,O43286,9334,,,
Q9UFF9,Q9UFF9,9337,,,
O95838,O95838,9340,,,
Q9BUA6,Q9BUA6,93408,,,
Q6FGG2,Q6FGG2,9341,,,
O95721,O95721,9342,,,
Q8N0S2,Q8N0S2,93426,,,
Q15029,Q15029,9343,,,
Q9UL54,Q9UL54,9344,,,
O95803,O95803,9348,,,
P62829,P62829,9349,,,
Q6XPS3,Q6XPS3,93492,,,
O95813,O95813,9350,,,
Q15599,Q15599,9351,,,
O94813,O94813,9353,,,
Q14139,Q14139,9354,,,
P50458,P50458,9355,,,
Q86XD8,Q86XD8,93550,,,
Q4U2R8,Q4U2R8,9356,,,
V9HVY8,V9HVY8,93587,,,
Q7Z3S7,Q7Z3S7,93589,,,
Q13427,Q13427,9360,,,
P36776,P36776,9361,,,
Q9H4M3,Q9H4M3,93611,,,
Q86TJ2,Q86TJ2,93624,,,
Q8TEA7,Q8TEA7,93627,,,
Q14088,Q14088,9363,,,
P51157,P51157,9364,,,
Q5JTD0,Q5JTD0,93643,,,
Q9UEF7,Q9UEF7,9365,,,
Q9BZG2,Q9BZG2,93650,,,
P01233,P01233,93659,,,
Q96KX2,Q96KX2,93661,,,
P51151,P51151,9367,,,
O14745,O14745,9368,,,
Q9HDB5,Q9HDB5,9369,,,
Q15848,Q15848,9370,,,
O15066,O15066,9371,,,
O95405,O95405,9372,,,
Q9Y263,Q9Y263,9373,,,
Q9UMR5,Q9UMR5,9374,,,
Q99805,Q99805,9375,,,
Q8TCC7,Q8TCC7,9376,,,
P20674,P20674,9377,,,
Q9ULB1,Q9ULB1,9378,,,
Q9P2S2,Q9P2S2,9379,,,
Q9UBQ7,Q9UBQ7,9380,,,
Q9Y5X9,Q9Y5X9,9388,,,
Q9Y267,Q9Y267,9389,,,
P26842,P26842,939,,,
Q9Y226,Q9Y226,9390,,,
O60243,O60243,9394,,,
Q5VUC6,Q5VUC6,9397,,,
Q9H981,Q9H981,93973,,,
Q6EIG7,Q6EIG7,93978,,,
Q8WXQ8,Q8WXQ8,93979,,,
Q93033,Q93033,9398,,,
O15409,O15409,93986,,,
P37023,P37023,94,,,
P10747,P10747,940,,,
O94762,O94762,9400,,,
Q96S52,Q96S52,94005,,,
O94761,O94761,9401,,,
Q6FI14,Q6FI14,9402,,,
Q8WXI7,Q8WXI7,94025,,,
Q96KW2,Q96KW2,94026,,,
P01233,P01233,94027,,,
Q9NT99,Q9NT99,94030,,,
P83110,P83110,94031,,,
Q8N4E7,Q8N4E7,94033,,,
Q8IZC7,Q8IZC7,94039,,,
O60235,O60235,9407,,,
Q9BQS6,Q9BQS6,94086,,,
Q9Y5Y5,Q9Y5Y5,9409,,,
P33681,P33681,941,,,
Q96DI7,Q96DI7,9410,,,
Q9Y5B6,Q9Y5B6,94104,,,
P01233,P01233,94115,,,
Q4VX76,Q4VX76,94120,,,
Q96C24,Q96C24,94121,,,
Q8TDW5,Q8TDW5,94122,,,
A6NKC6,A6NKC6,94137,,,
B7Z2R3,B7Z2R3,9414,,,
O95864,O95864,9415,,,
Q9BUQ8,Q9BUQ8,9416,,,
Q96J65,Q96J65,94160,,,
P42081,P42081,942,,,
Q05C57,Q05C57,9420,,,
O96004,O96004,9421,,,
O43296,O43296,9422,,,
O95631,O95631,9423,,,
Q9UHM6,Q9UHM6,94233,,,
Q9C009,Q9C009,94234,,,
Q9UK08,Q9UK08,94235,,,
Q71UI9,Q71UI9,94239,,,
Q9Y257,Q9Y257,9424,,,
Q96A56,Q96A56,94241,,,
Q9Y232,Q9Y232,9425,,,
Q9Y6F7,Q9Y6F7,9426,,,
O95672,O95672,9427,,,
Q96A00,Q96A00,94274,,,
Q9UNQ0,Q9UNQ0,9429,,,
P28908,P28908,943,,,
V9HVX9,V9HVX9,9435,,,
O95944,O95944,9436,,,
O76036,O76036,9437,,,
Q9ULK4,Q9ULK4,9439,,,
Q52M88,Q52M88,944,,,
Q9NVC6,Q9NVC6,9440,,,
O95402,O95402,9441,,,
Q6P2C8,Q6P2C8,9442,,,
Q6IAZ5,Q6IAZ5,9443,,,
Q96PU8,Q96PU8,9444,,,
Q9Y287,Q9Y287,9445,,,
P78417,P78417,9446,,,
O14862,O14862,9447,,,
O95819,O95819,9448,,,
P20138,P20138,945,,,
Q9NZJ5,Q9NZJ5,9451,,,
O43736,O43736,9452,,,
O95749,O95749,9453,,,
Q9NSC5,Q9NSC5,9454,,,
Q9NSB8,Q9NSB8,9455,,,
Q86YM7,Q86YM7,9456,,,
Q8N4Q3,Q8N4Q3,9459,,,
O43699,O43699,946,,,
Q9UJF2,Q9UJF2,9462,,,
P61296,P61296,9464,,,
Q6P4D3,Q6P4D3,9465,,,
Q6UWB1,Q6UWB1,9466,,,
Q9Y5K3,Q9Y5K3,9468,,,
Q7LGC8,Q7LGC8,9469,,,
P28906,P28906,947,,,
Q59FE1,Q59FE1,9470,,,
Q13023,Q13023,9472,,,
Q9H1Y0,Q9H1Y0,9474,,,
O75116,O75116,9475,,,
O96009,O96009,9476,,,
Q9H944,Q9H944,9477,,,
Q9UQF2,Q9UQF2,9479,,,
P16671,P16671,948,,,
O95847,O95847,9481,,,
Q9UNK0,Q9UNK0,9482,,,
O43529,O43529,9486,,,
Q9Y2B2,Q9Y2B2,9487,,,
Q92521,Q92521,9488,,,
Q32NB8,Q32NB8,9489,,,
Q8WTV0,Q8WTV0,949,,,
Q92530,Q92530,9491,,,
Q6PG46,Q6PG46,9495,,,
P57082,P57082,9496,,,
Q9Y6M7,Q9Y6M7,9497,,,
Q2Y0W8,Q2Y0W8,9498,,,
V9HWA0,V9HWA0,95,,,
Q14108,Q14108,950,,,
Q9Y5V3,Q9Y5V3,9500,,,
O75173,O75173,9507,,,
Q96AY5,Q96AY5,9508,,,
O95450,O95450,9509,,,
P11049,P11049,951,,,
Q9UHI8,Q9UHI8,9510,,,
Q96CP5,Q96CP5,9512,,,
P51116,P51116,9513,,,
Q99999,Q99999,9514,,,
E9PFI2,E9PFI2,9515,,,
Q99732,Q99732,9516,,,
O15270,O15270,9517,,,
Q99988,Q99988,9518,,,
P62380,P62380,9519,,,
P28907,P28907,952,,,
P55786,P55786,9520,,,
O43324,O43324,9521,,,
Q9NZ01,Q9NZ01,9524,,,
O75351,O75351,9525,,,
O75352,O75352,9526,,,
O95249,O95249,9527,,,
Q9UL15,Q9UL15,9529,,,
P49961,P49961,953,,,
O95429,O95429,9530,,,
O95817,O95817,9531,,,
O95816,O95816,9532,,,
O15160,O15160,9533,,,
A0A087WZJ7,A0A087WZJ7,9534,,,
O14684,O14684,9536,,,
O14681,O14681,9538,,,
Q9Y5L3,Q9Y5L3,954,,,
Q53FA7,Q53FA7,9540,,,
Q86X95,Q86X95,9541,,,
O14511,O14511,9542,,,
O95716,O95716,9545,,,
O95715,O95715,9547,,,
O75354,O75354,955,,,
O75348,O75348,9550,,,
P56134,P56134,9551,,,
O75394,O75394,9553,,,
O75396,O75396,9554,,,
O75367,O75367,9555,,,
P56378,P56378,9556,,,
O75436,O75436,9559,,,
O75355,O75355,956,,,
Q8NHW4,Q8NHW4,9560,,,
Q9UNW1,Q9UNW1,9562,,,
R4GMU1,R4GMU1,9563,,,
P56945,P56945,9564,,,
O75899,O75899,9568,,,
Q9BYV8,Q9BYV8,95681,,,
Q9UHL9,Q9UHL9,9569,,,
O75356,O75356,957,,,
O14653,O14653,9570,,,
P20393,P20393,9572,,,
Q9NR23,Q9NR23,9573,,,
Q3ZCT4,Q3ZCT4,9575,,,
Q9NXR7,Q9NXR7,9577,,,
Q9Y5S2,Q9Y5S2,9578,,,
Q6P2H9,Q6P2H9,958,,,
Q9UN79,Q9UN79,9580,,,
Q9UH17,Q9UH17,9582,,,
Q9Y227,Q9Y227,9583,,,
Q14498,Q14498,9584,,,
Q96Q89,Q96Q89,9585,,,
Q02930,Q02930,9586,,,
V9HWC7,V9HWC7,9588,,,
P29965,P29965,959,,,
Q86TJ9,Q86TJ9,9590,,,
P16070,P16070,960,,,
P13667,P13667,9601,,,
Q9Y4A8,Q9Y4A8,9603,,,
Q9UBS8,Q9UBS8,9604,,,
O95755,O95755,9609,,,
Q08722,Q08722,961,,,
Q13671,Q13671,9610,,,
Q6PGR4,Q6PGR4,9611,,,
Q9Y618,Q9Y618,9612,,,
Q9Y2T3,Q9Y2T3,9615,,,
Q9UBF6,Q9UBF6,9616,,,
O75570,O75570,9617,,,
Q9BUZ4,Q9BUZ4,9618,,,
P45844,P45844,9619,,,
A0A087X1S7,A0A087X1S7,962,,,
Q9NYQ6,Q9NYQ6,9620,,,
Q9Y5K2,Q9Y5K2,9622,,,
O95988,O95988,9623,,,
Q6ZMQ8,Q6ZMQ8,9625,,,
O95843,O95843,9626,,,
Q9Y6H5,Q9Y6H5,9627,,,
Q2M3K2,Q2M3K2,9628,,,
P19397,P19397,963,,,
O95837,O95837,9630,,,
E9PF10,E9PF10,9631,,,
P53992,P53992,9632,,,
Q9UQC9,Q9UQC9,9635,,,
P05161,P05161,9636,,,
O15013,O15013,9639,,,
Q92610,Q92610,9640,,,
Q14164,Q14164,9641,,,
Q15014,Q15014,9643,,,
Q6PD62,Q6PD62,9646,,,
P49593,P49593,9647,,,
P19256,P19256,965,,,
O75038,O75038,9651,,,
Q6PGP7,Q6PGP7,9652,,,
Q7LGA3,Q7LGA3,9653,,,
Q14679,Q14679,9654,,,
O75159,O75159,9655,,,
Q15051,Q15051,9657,,,
Q5VU43,Q5VU43,9659,,,
Q6FHM9,Q6FHM9,966,,,
Q66GS9,Q66GS9,9662,,,
Q92539,Q92539,9663,,,
Q9Y4F3,Q9Y4F3,9665,,,
Q86Y13,Q86Y13,9666,,,
O94892,O94892,9668,,,
Q8N5A0,Q8N5A0,9669,,,
P08962,P08962,967,,,
O75056,O75056,9672,,,
Q96H78,Q96H78,9673,,,
Q96RS0,Q96RS0,96764,,,
Q6PFW1,Q6PFW1,9677,,,
P34810,P34810,968,,,
O75164,O75164,9682,,,
Q8N1F7,Q8N1F7,9688,,,
Q53ZX0,Q53ZX0,969,,,
Q15386,Q15386,9690,,,
O15091,O15091,9692,,,
Q9Y4G8,Q9Y4G8,9693,,,
Q92611,Q92611,9695,,,
Q5TZA2,Q5TZA2,9696,,,
Q14671,Q14671,9698,,,
Q9UQ26,Q9UQ26,9699,,,
P07311,P07311,97,,,
P32970,P32970,970,,,
Q14674,Q14674,9700,,,
O75170,O75170,9701,,,
Q86XR8,Q86XR8,9702,,,
Q8IYT8,Q8IYT8,9706,,,
Q9Y5G5,Q9Y5G5,9708,,,
Q15011,Q15011,9709,,,
Q5TLG3,Q5TLG3,971,,,
Q92622,Q92622,9711,,,
O60306,O60306,9716,,,
O60344,O60344,9718,,,
P04233,P04233,972,,,
O75052,O75052,9722,,,
O15041,O15041,9723,,,
Q5TAP6,Q5TAP6,9724,,,
O75154,O75154,9727,,,
P11912,P11912,973,,,
Q9Y4B6,Q9Y4B6,9730,,,
O60308,O60308,9731,,,
Q8N1I0,Q8N1I0,9732,,,
Q9UKV0,Q9UKV0,9734,,,
P50748,P50748,9735,,,
Q70CQ2,Q70CQ2,9736,,,
O43303,O43303,9738,,,
O15047,O15047,9739,,,
P40259,P40259,974,,,
Q6IBP4,Q6IBP4,9741,,,
Q96RY7,Q96RY7,9742,,,
Q15027,Q15027,9744,,,
Q9H2G2,Q9H2G2,9748,,,
P60033,P60033,975,,,
Q9Y5H5,Q9Y5H5,9752,,,
A7MCY6,A7MCY6,9755,,,
Q9UMN6,Q9UMN6,9757,,,
P56524,P56524,9759,,,
P48960,P48960,976,,,
Q7Z3T8,Q7Z3T8,9765,,,
Q6ZNZ0,Q6ZNZ0,977,,,
P50749,P50749,9770,,,
Q92565,Q92565,9771,,,
Q9NYF8,Q9NYF8,9774,,,
P38919,P38919,9775,,,
O75143,O75143,9776,,,
Q92544,Q92544,9777,,,
Q92609,Q92609,9779,,,
P32320,P32320,978,,,
P50876,P50876,9781,,,
P43243,P43243,9782,,,
Q9UJD0,Q9UJD0,9783,,,
B4DTB8,B4DTB8,9784,,,
Q92620,Q92620,9785,,,
Q15398,Q15398,9787,,,
Q15005,Q15005,9789,,,
Q14692,Q14692,9790,,,
P48651,P48651,9791,,,
Q14008,Q14008,9793,,,
Q92585,Q92585,9794,,,
Q93075,Q93075,9797,,,
P53990,P53990,9798,,,
P14621,P14621,98,,,
P49406,P49406,9801,,,
Q15388,Q15388,9804,,,
Q12765,Q12765,9805,,,
Q92563,Q92563,9806,,,
Q92551,Q92551,9807,,,
O75150,O75150,9810,,,
A8K8P3,A8K8P3,9814,,,
Q14161,Q14161,9815,,,
Q14146,Q14146,9816,,,
Q14145,Q14145,9817,,,
Q9BVL2,Q9BVL2,9818,,,
Q14999,Q14999,9820,,,
Q8TDY2,Q8TDY2,9821,,,
Q9UM82,Q9UM82,9825,,,
O15085,O15085,9826,,,
O75061,O75061,9829,,,
B7Z3D6,B7Z3D6,983,,,
Q14142,Q14142,9830,,,
O75123,O75123,9831,,,
Q14680,Q14680,9833,,,
O60294,O60294,9836,,,
Q14691,Q14691,9837,,,
O60315,O60315,9839,,,
B7ZVY7,B7ZVY7,984,,,
O43167,O43167,9841,,,
Q9BQS7,Q9BQS7,9843,,,
Q92556,Q92556,9844,,,
Q9UQC2,Q9UQC2,9846,,,
O94887,O94887,9855,,,
Q5VT06,Q5VT06,9857,,,
Q5T8A7,Q5T8A7,9858,,,
Q5SW79,Q5SW79,9859,,,
Q15008,Q15008,9861,,,
O75448,O75448,9862,,,
Q86UL8,Q86UL8,9863,,,
O15016,O15016,9866,,,
O43164,O43164,9867,,,
O94826,O94826,9868,,,
Q15047,Q15047,9869,,,
O94855,O94855,9871,,,
Q9UKI8,Q9UKI8,9874,,,
O60287,O60287,9875,,,
Q7L014,Q7L014,9879,,,
Q99459,Q99459,988,,,
O15060,O15060,9880,,,
O60343,O60343,9882,,,
Q96HA1,Q96HA1,9883,,,
O94844,O94844,9886,,,
Q92540,Q92540,9887,,,
A8K3D0,A8K3D0,989,,,
Q7Z2D5,Q7Z2D5,9890,,,
O60285,O60285,9891,,,
Q9Y4R8,Q9Y4R8,9894,,,
Q12768,Q12768,9897,,,
Q7L1I2,Q7L1I2,9899,,,
Q99741,Q99741,990,,,
Q7L0J3,Q7L0J3,9900,,,
O43295,O43295,9901,,,
Q9UBG0,Q9UBG0,9902,,,
Q9UJP4,Q9UJP4,9903,,,
Q9Y4C8,Q9Y4C8,9904,,,
P0CK97,P0CK97,9906,,,
O43299,O43299,9907,,,
Q12834,Q12834,991,,,
O94864,O94864,9913,,,
O75185,O75185,9914,,,
X5DQN9,X5DQN9,9915,,,
Q15021,Q15021,9918,,,
O94819,O94819,9920,,,
Q6DN90,Q6DN90,9922,,,
Q9NUA8,Q9NUA8,9923,,,
Q504Q3,Q504Q3,9924,,,
Q5T942,Q5T942,9925,,,
Q92604,Q92604,9926,,,
O95140,O95140,9927,,,
Q15058,Q15058,9928,,,
Q15040,Q15040,9929,,,
P30304,P30304,993,,,
Q15397,Q15397,9933,,,
Q15391,Q15391,9934,,,
Q9Y5Q3,Q9Y5Q3,9935,,,
Q8IX05,Q8IX05,9936,,,
Q6PJP8,Q6PJP8,9937,,,
Q9Y5S9,Q9Y5S9,9939,,,
B4DIG0,B4DIG0,994,,,
Q9Y2C4,Q9Y2C4,9941,,,
O75191,O75191,9942,,,
O95747,O95747,9943,,,
O94808,O94808,9945,,,
P30307,P30307,995,,,
Q9Y661,Q9Y661,9951,,,
Q9Y662,Q9Y662,9953,,,
Q9Y663,Q9Y663,9955,,,
Q9Y278,Q9Y278,9956,,,
O14792,O14792,9957,,,
Q9Y4E8,Q9Y4E8,9958,,,
P30260,P30260,996,,,
Q9Y6I4,Q9Y6I4,9960,,,
X5DNU0,X5DNU0,9961,,,
Q9UGH3,Q9UGH3,9962,,,
Q9UHI7,Q9UHI7,9963,,,
O95750,O95750,9965,,,
O95150,O95150,9966,,,
Q9Y2W1,Q9Y2W1,9967,,,
Q93074,Q93074,9968,,,
Q9UHV7,Q9UHV7,9969,,,
P49427,P49427,997,,,
Q14994,Q14994,9970,,,
Q96RI1,Q96RI1,9971,,,
P49790,P49790,9972,,,
O14618,O14618,9973,,,
B4DXD3,B4DXD3,9975,,,
Q92478,Q92478,9976,,,
P62877,P62877,9978,,,
P60953,P60953,998,,,
Q96FV9,Q96FV9,9984,,,
O95072,O95072,9985,,,
Q9Y256,Q9Y256,9986,,,
O14979,O14979,9987,,,
Q8TF05,Q8TF05,9989,,,
P12830,P12830,999,,,
Q9UHW9,Q9UHW9,9990,,,
O95758,O95758,9991,,,
Q9Y6J6,Q9Y6J6,9992,,,
O43819,O43819,9997,,,
"P15538","P15538",,,
"P08100","P08100",,,
"Q8IWL2","Q8IWL2",,,
"Q8IWL1","Q8IWL1",,,
"P11712","P11712",,,
"O15537","O15537",,,
"P20941","P20941",,,
"P10632","P10632",,,
"Q03395","Q03395",,,
"Q86T65","Q86T65",,,
"Q9NQC1","Q9NQC1",,,
"Q8NEZ3","Q8NEZ3",,,
"P25391","P25391",,,